2015 1.0E8 0.0 0.0 1.0E8 0.8228181780762747 1643157.262905162 20408.013205282114 2119.6728691476587 0.8228181780762747 0.0 0.0 0.0 0.8228181780762747 0.0 0.0 0.0 0.0 0.0 0.0 5.4E8 1.349966457171104E7 0.0 0.0 0.0 
2016 1.008E8 0.0 0.0 1.008E8 0.8228181780762747 3299459.783913566 40979.290516206485 4256.303121248499 0.8228181780762747 0.0 0.0 0.0 0.8228181780762747 0.0 0.0 0.0 0.0 0.0 0.0 5.552639644092932E8 2.710732645999577E7 0.0 0.0 0.0 
2017 1.0305E8 0.0 0.0 1.0305E8 0.8228181780762747 4992733.343337336 62009.7481242497 6440.6260129051625 0.8228181780762747 0.0 0.0 0.0 0.8228181780762747 0.0 0.0 0.0 0.0 0.0 0.0 5.708686423098651E8 4.1018730801144E7 0.0 0.0 0.0 
2018 1.0385E8 0.0 0.0 1.0385E8 0.8228181780762747 6699152.160864347 83203.46983793518 8641.906287515007 0.8228181780762747 0.0 0.0 0.0 0.8228181780762747 0.0 0.0 0.0 0.0 0.0 0.0 5.86594462785114E8 5.503813245886591E7 0.0 0.0 0.0 
2019 1.061E8 0.0 0.0 1.061E8 0.8228181780762747 8442542.016806724 104856.37184873951 10890.879201680673 0.8228181780762747 0.0 0.0 0.0 0.8228181780762747 0.0 0.0 0.0 0.0 0.0 0.0 6.026609967516419E8 6.936127656945133E7 0.0 0.0 0.0 
2020 1.0835E8 0.0 0.0 1.0835E8 0.8228181780762749 1.0222902911164466E7 126968.45415666269 13187.544755402161 0.8228181780762749 0.0 0.0 0.0 0.8228181780762747 0.0 0.0 0.0 1643157.262905162 0.0 0.0 6.190682442094486E8 8.398816313290024E7 1643157.262905162 0.0 0.0 
2021 1.106E8 0.0 0.0 1.106E8 0.8228181780762747 1.2040234843937576E7 149539.7167617047 15531.902948679472 0.8228181780762747 0.0 0.0 0.0 0.8228181780762748 0.0 0.0 0.0 3299459.783913566 0.0 0.0 6.35816205158534E8 9.891879214921264E7 3299459.783913566 0.0 0.0 
2022 1.114E8 0.0 0.0 1.114E8 0.8228181780762747 1.3870712034813926E7 172274.24347238897 17893.218524909964 0.8228181780762747 0.0 0.0 0.0 0.8228181780762748 0.0 0.0 0.0 4992733.343337336 0.0 0.0 6.526853086822965E8 1.1395741848209874E8 4992733.343337336 0.0 0.0 
2023 1.1365E8 0.0 0.0 1.1365E8 0.8228181780762747 1.5738160264105642E7 195467.95048019208 20302.22674069628 0.8228181780762747 0.0 0.0 0.0 0.8228181780762748 0.0 0.0 0.0 6699152.160864347 0.0 0.0 6.698951256973379E8 1.2929978726784834E8 6699152.160864347 0.0 0.0 
2024 1.159E8 0.0 0.0 1.159E8 0.8228181780762747 1.7642579531812724E7 219120.83778511407 22758.927596038415 0.8228181780762747 1643157.262905162 20408.013205282114 2119.6728691476587 0.8228181780762748 0.0 0.0 0.0 8442542.016806724 0.0 0.0 6.874456562036581E8 1.4494589850646144E8 8442542.016806724 0.0 0.0 
2025 1.1815E8 0.0 0.0 1.1815E8 0.8228181780762747 1.9583969837935172E7 243232.9053871549 25263.321090936373 0.8228181780762747 3225254.657952103 40057.66285176512 4160.578508758213 0.8228181780762748 0.0 0.0 0.0 1.0222902911164466E7 0.0 0.0 7.053369002012571E8 1.6089575219793802E8 1.0222902911164466E7 0.0 0.0 
2026 1.1895E8 0.0 380000.0 1.1933E8 0.821454087603083 2.146680179919666E7 267364.5074551046 27767.595239331036 0.821454087603083 4695912.839491485 58503.29651007739 6057.7275629440155 0.8226940327139555 74205.12596146256 0.0 0.0 1.1966029717976114E7 1.8432553288827318 0.19144922498057357 7.233509530380015E8 1.7702220287673464E8 1.1966029717976114E7 0.0 0.0 
2027 1.212E8 0.0 1140000.0 1.2234E8 0.8190341559184449 2.3243197592945106E7 291667.8305407064 30285.408568368573 0.8190341559184449 5957100.901249721 74707.42936789409 7684.660162612139 0.822381690139619 222615.37788438774 0.0 0.0 1.3573891530968077E7 355.7482784743658 36.94970042125065 7.417090518949618E8 1.9358959534988743E8 1.3573891530968077E7 0.0 0.0 
2028 1.22E8 0.0 2280000.0 1.2428E8 0.8342233850289358 2.481762783590418E7 315703.22881275014 32768.94909198986 0.8342233850289358 6884234.371616009 87302.78133140225 8880.662339384651 0.8233264107974984 445230.7557687755 0.0 0.0 1.4996109004491018E7 34507.583012013536 3584.120940861314 7.601932921200044E8 2.104707841518529E8 1.4996109004491018E7 0.0 0.0 
2029 1.228E8 0.0 4180000.0 1.2698E8 2.0263687654589218 2.604668532214548E7 339183.2429917693 35184.06335128195 2.0263687654589218 7699928.628474738 99414.35348111222 9932.907930732412 0.9139983787665551 816256.3855760882 0.0 0.0 1.6084271886622014E7 2242994.7390362117 232968.05260521054 7.788070062420664E8 2.2780296862412372E8 1.6084271886622014E7 0.0 0.0 
2030 1.2215E8 0.0 4940000.0 1.2709E8 60.11228792293329 2.712165508024949E7 362243.1458054873 37551.24627801162 60.11228792293329 8552593.923748834 112345.22401512731 11032.846161635996 5.0663440868847704 964666.6374990134 0.0 0.0 1.7063497078242708E7 1.0990699842526518E8 1.1415461189097581E7 7.973256245511403E8 2.451846046181711E8 1.7060995555245448E7 0.0 2501.522997258605 
2031 1.244E8 0.0 4940000.0 1.2934E8 2285.168702292598 2.8233595876768857E7 385762.22891632427 39966.121844297115 2285.168702292598 9418404.477126174 125439.35865478466 12149.741775492761 156.98624920293454 964666.6374990134 0.0 0.0 1.806087057396116E7 4.330354815279451E9 4.4977115231163347E8 8.161849563514931E8 2.6286998306508198E8 1.8050864481972124E7 0.0 10006.09198903442 
2032 1.2665E8 0.0 4940000.0 1.3159E8 73722.09716139904 2.9382507711703595E7 409740.49232427997 42428.69005013843 73722.09716139904 1.0321186068918874E7 138992.67359156086 13314.330028905348 4827.206697358031 964666.6374990133 0.0 0.0 1.910271967708676E7 1.4290269960603662E11 1.4842550925264654E10 8.353850016431247E8 2.808591039648563E8 1.907770444711417E7 0.0 25015.22997258605 
2033 1.289E8 0.0 4940000.0 1.3384E8 2050225.0182407578 3.0568390585053697E7 434177.9360293545 44938.95089553557 2050225.0182407578 1.1260938699126946E7 153005.1688254559 14526.610921873757 128887.33571567033 964666.6374990134 0.0 0.0 2.0170221653301887E7 4.0625594596968667E12 4.219566588574034E11 8.549257604260352E8 2.991519673174942E8 2.011768967035945E7 0.0 52531.98294243071 
2034 1.326E8 0.0 4940000.0 1.3754E8 4.962803316604151E7 3.1815070277131293E7 459370.4762230246 47527.639637091175 4.962803316604151E7 1.2224424592977917E7 167312.43119379584 15769.507724941512 3033149.174611581 964666.6374990133 0.0 0.0 2.1255871933614776E7 1.0156530142059253E14 1.0549053046100176E13 8.750268036168264E8 3.179443182592854E8 2.1170820151707977E7 0.0 85051.78190679257 
2035 1.334E8 0.0 5320000.0 1.3872E8 1.0934820034030843E9 3.306165745253966E7 484582.8696336448 50116.20903214349 1.0934820034030843E9 1.324878532134867E7 182396.76128085333 17090.933064539786 6.395669223255743E7 977904.4122714757 0.0 2501.522997258605 2.2315102393949058E7 2.2683286058856335E15 2.355993479543046E14 8.952506556467631E8 3.368583729300529E8 2.2200032336075157E7 0.0 115070.05787389583 
2036 1.363E8 0.0 5700000.0 1.42E8 2.1471732400187347E10 3.440112424199154E7 510244.0032895673 52749.172210944605 2.1471732400187347E10 1.4270403763817403E7 197308.9776813783 18408.820855324448 1.2220595344473388E9 930174.8358549372 0.0 7504.568991775815 2.345403042312073E7 4.5821138805711928E16 4.759200407356554E15 9.15915315774372E8 3.5612273102745885E8 2.3313945135274243E7 0.0 140085.2878464819 
2037 1.3775E8 0.0 6840000.0 1.4459E8 3.872451774599654E11 3.572470348743818E7 535770.8204708901 55361.64045797893 3.872451774599654E11 1.5313183716488529E7 212547.02686056276 19754.006994270203 2.137561943928565E10 969888.1601723236 0.0 15009.13798355163 2.45827115973986E7 8.4562782063881549E17 8.7830908906930656E16 9.368045456119883E8 3.756239534983625E8 2.4425115648571305E7 0.0 157595.94882729213 
2038 1.392E8 0.0 8360000.0 1.4756E8 6.41921724328679E12 3.707762324229884E7 561020.2290399626 57936.53704379 6.41921724328679E12 1.6342633377717974E7 227544.46614635782 21081.997057256183 3.450126877154338E11 961871.9080731719 0.0 27516.752969844656 2.57438724472047E7 1.4376053885583284E19 1.49316501710168397E18 9.579200114240805E8 3.9532085349682266E8 2.558127345238289E7 0.0 162598.99482180932 
2039 1.4065E8 0.0 9120000.0 1.4977E8 9.924892433129183E13 3.8427893227926694E7 586278.7320231275 60508.01542729075 9.924892433129183E13 1.7361402516738534E7 242451.25789428235 22396.209246592705 5.175044723132718E12 988347.4576180963 0.0 32519.798964361864 2.693685304319611E7 2.2670606899215735E20 2.3546765619960332E19 9.792583806817116E8 4.1524091145637786E8 2.677175252537704E7 0.0 165100.51781906793 
2040 1.4355E8 0.0 9120000.0 1.5267E8 1.4257298703818595E15 3.98258147741788E7 612129.0673892456 63140.964323996785 1.4257298703818595E15 1.8417142694174457E7 257817.2299393257 23758.11407548505 7.253854180910528E13 988347.4576180963 0.0 32519.798964361864 2.8145480420288015E7 3.3359278864251214E21 3.464852635659718E20 1.0010358917725465E9 4.355524596885127E8 2.797537685647443E7 0.0 170103.56381358515 
2041 1.45E8 0.0 9120000.0 1.5412E8 1.9396515164503124E16 4.124756210074304E7 638275.3189468402 65804.64847730547 1.9396515164503124E16 1.950985391002575E7 273642.3822814879 25167.711543933216 9.55335094193525E14 988347.4576180963 0.0 32519.798964361864 2.9409263926995944E7 4.6037460526274525E22 4.781668605388564E21 1.0230329737799834E9 4.560597530569373E8 2.9226652748196065E7 0.0 182611.17879987817 
2042 1.479E8 0.0 9120000.0 1.5702E8 2.46317404761384096E17 4.271696098793153E7 665013.4028873879 68529.80314381942 2.46317404761384096E17 2.063953616429241E7 289926.714920769 26625.001651937204 1.1867481702346252E16 988347.4576180961 0.0 32519.798964361864 3.0706879306005035E7 5.9851016421606225E23 6.216409918193447E22 1.0454691976206242E9 4.7695853669794154E8 3.050175442022983E7 0.0 205124.88577520562 
2043 1.508E8 0.0 9120000.0 1.5992E8 2.9592373128124365E18 4.423401143574426E7 692343.3192108888 71316.42832353867 2.9592373128124365E18 2.189098258847556E7 307723.3585504129 28239.36753913347 1.39583779650111664E17 988347.4576180963 0.0 32519.798964361864 3.203332351132077E7 7.358457737109443E24 7.642842577209203E23 1.0683445632944689E9 4.982488106115254E8 3.1800681872575723E7 0.0 232641.6387450503 
2044 1.537E8 0.0 9120000.0 1.6282E8 3.3749524214461985E19 4.585717927237298E7 720265.3866683843 74164.52401646318 3.3749524214461985E19 2.3142336495989487E7 325359.7963534138 29853.614079826435 1.55973562118001101E18 927380.1064290957 0.0 35021.32196162047 3.3442059325140364E7 8.585240287519837E25 8.917037013648295E24 1.0916590708015172E9 5.1987568153934515E8 3.318440245642273E7 0.0 257656.86871763633 
2045 1.566E8 0.0 9500000.0 1.661E8 3.656716861464907E20 4.7514760894853495E7 748635.8756201408 77057.01349313652 3.656716861464907E20 2.4401628639810275E7 343115.8293253278 31478.100945355258 1.6606245480005704E19 940617.8812015579 0.0 37522.844958879075 3.488270740181449E7 9.534567494801123E26 9.903053195165583E25 1.1154143864062378E9 5.419077491521472E8 3.460253682612153E7 0.0 280170.5756929637 
2046 1.5805E8 0.0 1.064E7 1.6869E8 3.7987842119929084E21 4.915645497332875E7 776872.0480972979 79929.00803804306 3.7987842119929084E21 2.5706000590814807E7 361494.76032440964 33160.7407621511 1.6894416981218538E20 980331.2055189443 0.0 45027.41395065489 3.6299963365491584E7 1.0107115438569104E28 1.0497728595767127E27 1.139394271720966E9 5.641766811384468E8 3.600478365181507E7 0.0 295179.7136765154 
2047 1.6095E8 0.0 1.178E7 1.7273E8 3.7454482482094217E22 5.086455311630261E7 805270.1390423729 82811.24290778545 3.7454482482094217E22 2.700772277258654E7 379744.73124195443 34839.962376636635 1.6457828501458958E21 959077.1786473301 0.0 55033.50593968931 3.777611882467551E7 1.0251995735301445E29 1.0648208131126852E28 1.1638182976623037E9 5.868233293761902E8 3.747593606500448E7 0.0 300182.7596710326 
2048 1.624E8 0.0 1.254E7 1.7494E8 3.5806408409164195E23 5.257000149004366E7 833677.3244015406 85690.05957521754 3.5806408409164195E23 2.8333270734670393E7 398332.6228989396 36549.91924772481 1.5392289579716298E22 985552.7281922542 0.0 60036.55193420652 3.926844724894424E7 9.972883521389534E29 1.0358308971898726E29 1.18846522704918E9 6.096931355750285E8 3.896826448927321E7 0.0 300182.7596710326 
2049 1.653E8 0.0 1.254E7 1.7784E8 3.2773885079728404E24 5.4323101424408965E7 862676.3421436612 88630.34675585492 3.2773885079728404E24 2.97064702573785E7 417512.346938878 38321.34663201826 1.3846272248635449E23 985552.7281922542 0.0 60036.55193420652 4.081092875683448E7 9.322937946098074E30 9.683244727222766E29 1.2135512982692602E9 6.329544320464466E8 4.050824447416619E7 0.0 302684.28266829124 
2050 1.682E8 0.0 1.254E7 1.8074E8 2.8890287482004735E25 5.612385291939852E7 892267.1922687351 91632.10444969758 2.8890287482004735E25 3.110349556039873E7 436987.987170293 40123.50927291436 1.2002055693331353E24 985552.7281922542 0.0 60036.55193420652 4.240856639434074E7 8.391058270280604E31 8.715350378171468E30 1.2390765113225443E9 6.566072187904443E8 4.209587601968342E7 0.0 312690.3746573257 
2051 1.7255E8 0.0 1.254E7 1.8509E8 2.437576671866454E26 5.7996081755324446E7 922745.790968239 94726.06791334816 2.437576671866454E26 3.2548172424043212E7 457055.4597846612 41987.14242701574 1.003866616008977E25 985552.7281922542 0.0 60036.55193420652 4.403753438115091E7 7.283795244694746E32 7.565294578898033E31 1.2652604371256342E9 6.808472409433113E8 4.370733334551278E7 0.0 330201.03563813586 
2052 1.7545E8 0.0 1.254E7 1.8799E8 2.0031517917873643E27 5.9915962151874624E7 953816.2220506958 97881.50189020405 2.0031517917873643E27 3.404050084831194E7 477714.7647819825 43912.2460943224 8.117033161871835E25 985552.7281922542 0.0 60036.55193420652 4.571915697457984E7 6.107476328225793E33 6.3435140620392714E32 1.291883504761928E9 7.05478753368758E8 4.5366442231966384E7 0.0 352714.7426134633 
2053 1.7835E8 0.0 1.254E7 1.9089E8 1.592863567743052E28 6.188349410904905E7 985478.4855161058 101098.40638026518 1.592863567743052E28 3.556724305843246E7 498801.48899958306 45881.743545377874 6.353865385999132E26 985552.7281922542 0.0 60036.55193420652 4.7424605348320894E7 4.954074449499444E34 5.1455362655148595E33 1.3189457142314258E9 7.305017560667843E8 4.704937689873211E7 0.0 375228.44958879077 
2054 1.8125E8 0.0 1.292E7 1.9417E8 1.2248569774043774E29 6.388543985207527E7 1017589.170475777 104359.70465407513 1.2248569774043774E29 3.717612863082131E7 520929.43605053815 47957.20593375948 4.821050517876673E27 998790.5029647166 0.0 62538.074931465126 4.916196598491648E7 3.892663359523038E35 4.04310445725577E34 1.3464487317985957E9 7.559299554497927E8 4.876672535134963E7 0.0 395240.6335668596 
2055 1.8415E8 0.0 1.368E7 1.9783E8 9.12050269299464E29 6.596702743437257E7 1050005.1847920585 107648.31998217737 9.12050269299464E29 3.884333178516636E7 543664.6352477418 50107.89800286458 3.549891355439079E28 964298.7013206403 0.0 70042.64392324095 5.097396541478862E7 2.966606129438198E36 3.0812575758695213E35 1.3743942237279065E9 7.817221646718423E8 5.056621716623548E7 0.0 407748.2485531526 
2056 1.8705E8 0.0 1.444E7 2.0149E8 6.596993498623944E30 6.812825685594097E7 1082726.5284649504 110964.25236457199 6.596993498623944E30 4.053171095059073E7 566545.7882809031 52285.90712626203 2.5395627366716E29 929806.8996765644 0.0 77547.21291501676 5.288442941824943E7 2.195377903264306E37 2.2802234279371534E36 1.4027821900193582E9 8.078783837329332E8 5.247167812370177E7 0.0 412751.2945476698 
2057 1.8995E8 0.0 1.52E7 2.0515E8 4.640188315435132E31 7.031066228858863E7 1115752.8827434112 114307.50180125893 4.640188315435132E31 4.224391589632723E7 589764.8620535048 54494.6515062621 1.7670163565136838E30 956282.4492214887 0.0 82550.25890953396 5.4811066386795044E7 1.5793153811620244E38 1.640351726186584E37 1.4316126306729505E9 8.344535058914088E8 5.439831509224739E7 0.0 412751.2945476698 
2058 1.9285E8 0.0 1.52E7 2.0805E8 3.188666408088716E32 7.254071928186056E7 1149371.069404825 117712.22175115113 3.188666408088716E32 4.400377240268796E7 613575.7682090597 56764.866399467464 1.19714807888111E31 956282.4492214887 0.0 82550.25890953396 5.678785643896218E7 1.1055588277649873E39 1.1482857406574651E38 1.460882213159747E9 8.61420118322464E8 5.637260362141726E7 0.0 415252.8175449284 
2059 1.972E8 0.0 1.52E7 2.124E8 2.1201641350690116E33 7.484225361606884E7 1183877.004640669 121209.14747085127 2.1201641350690116E33 4.5811280469672956E7 637978.5067475679 59096.55180587811 7.90298306981502E31 956282.4492214887 0.0 82550.25890953396 5.881730109774806E7 7.538132195310594E39 7.829460990876999E38 1.490810508396349E9 8.889739661623887E8 5.839454371121137E7 0.0 422757.3865367042 
2060 2.0155E8 0.0 1.52E7 2.1675E8 1.3749273025871276E34 7.721526529121353E7 1219270.6884509427 124798.27896035933 1.3749273025871276E34 4.769026587759432E7 663268.9938605058 61520.44298209666 5.088137964772775E32 956282.4492214887 0.0 82550.25890953396 6.089940036315273E7 5.010773464627258E40 5.2044265584683343E39 1.521397516382757E9 9.171150494111828E8 6.046413536162974E7 0.0 435265.0015229973 
2061 2.0445E8 0.0 1.52E7 2.1965E8 8.761071587451851E34 7.963592852698244E7 1255256.2046441697 128448.88096307266 8.761071587451851E34 4.961690284613994E7 689151.3133563969 64005.80467152051 3.1981984480722267E33 956282.4492214888 0.0 82550.25890953396 6.303415423517615E7 3.2499156180036516E41 3.375516232567727E40 1.5524236662023687E9 9.456476229325565E8 6.258137857267235E7 0.0 452775.6625038075 
2062 2.088E8 0.0 1.52E7 2.24E8 5.417148639286988E35 8.212806910368773E7 1292129.4694118262 132191.68873559393 5.417148639286988E35 5.1577953600537345E7 715461.0520725672 66535.56014469315 1.9637264971145046E34 956282.4492214887 0.0 82550.25890953396 6.521655966782383E7 2.0583146529722753E42 2.137863054255767E41 1.5841085287717862E9 9.747674318627996E8 6.4746273344339214E7 0.0 470286.32348461775 
2063 2.117E8 0.0 1.558E7 2.2728E8 3.2899951270719114E36 8.465462346624482E7 1329451.1556737437 135978.890291864 3.2899951270719114E36 5.356018036601407E7 742054.7991203245 69092.63267215814 1.1788871205392096E35 969520.2239939503 0.0 85051.78190679257 6.743087736332604E7 1.2739445307643458E43 1.3231791089932876E42 1.6162341994388762E9 1.0042924374780251E9 6.694558190185787E7 0.0 485295.46146816935 
2064 2.1605E8 0.0 1.634E7 2.3239E8 1.9390675634698902E37 8.722617962019335E7 1367373.7687327068 139824.14415902903 1.9390675634698902E37 5.563778826853159E7 769875.1844380923 71772.74686640574 6.92275371558517E35 995995.773538875 0.0 90054.82790130978 6.968519380422516E7 7.710761046790307E43 8.00876152700307E42 1.649021915384709E9 1.0344320913269252E9 6.918989225076796E7 0.0 495301.5534572038 
2065 2.1895E8 0.0 1.672E7 2.3567E8 1.1276351092287354E38 8.989061538818543E7 1405745.1220369723 143713.7918099429 1.1276351092287354E38 5.773657218212844E7 797820.5213178359 74480.17811494568 3.980105277956882E36 948266.1971223366 0.0 95057.873895827 7.20537141164827E7 4.5671411294061884E44 4.743649038573213E43 1.6822504394282138E9 1.0649220486024637E9 7.155340951703098E7 0.0 500304.599451721 
2066 2.233E8 0.0 1.748E7 2.4078E8 6.373835635379286E38 9.260005294756895E7 1444717.4021382835 147661.49177175172 6.373835635379286E38 5.9883007656349525E7 826399.6951284965 77249.07987669091 2.241267344396095E37 974741.746667261 0.0 100060.9198903442 7.443840739382505E7 2.6489234439185104E45 2.7512973251899E44 1.7161410087504616E9 1.096026654111677E9 7.393810279437333E7 0.0 500304.599451721 
2067 2.262E8 0.0 1.748E7 2.4368E8 3.563681235028686E39 9.53571420675767E7 1484281.514622548 151670.66224676583 3.563681235028686E39 6.207709469119487E7 855570.7013221104 80079.4521516414 1.2372398546790246E38 974741.746667261 0.0 100060.9198903442 7.689707953510103E7 1.5053429858048768E46 1.563520512359762E45 1.750470719905913E9 1.1275227498934698E9 7.639427341265205E7 0.0 502806.12244897964 
2068 2.3055E8 0.0 1.748E7 2.4803E8 1.9422775263750758E40 9.818570852852084E7 1524733.375681242 155772.03849158785 1.9422775263750758E40 6.434265906697659E7 885629.4560901539 83002.03019639982 6.698005895671183E38 974741.746667261 0.0 100060.9198903442 7.940840628299578E7 8.386734221775935E46 8.710859351247785E45 1.7854591438111706E9 1.159606081084132E9 7.889809559155501E7 0.0 510310.6914407554 
2069 2.349E8 0.0 1.748E7 2.5238E8 1.0387110206997558E41 1.0108575233040136E8 1566072.9853143662 159965.62050621782 1.0387110206997558E41 6.667970078369468E7 916575.9594326273 86016.81401096615 3.557992362940773E39 974741.7466672609 0.0 100060.9198903442 8.199371189482416E7 4.583316482603437E47 4.760449576761297E46 1.8211062804662337E9 1.1922766476836636E9 8.147339511139436E7 0.0 520316.7834297899 
2070 2.407E8 0.0 1.748E7 2.5818E8 5.422824365964294E41 1.0408109925353037E8 1608596.2597133964 164282.14354725834 5.422824365964294E41 6.906439406103702E7 948114.2951580537 89093.06833873776 1.85519529690689E40 974741.746667261 0.0 100060.9198903442 8.46316721132713E7 2.4582344397121035E48 2.5532387276384286E47 1.8576317007877047E9 1.2257301948283546E9 8.409634619185795E7 0.0 535325.9214133415 
2071 2.4505E8 0.0 1.748E7 2.6253E8 2.796715682259083E42 1.0714792351759575E8 1652007.2826868563 168690.87235810678 2.796715682259083E42 7.150732690454328E7 980375.966295236 92244.45170686084 9.501357167023616E40 974741.746667261 0.0 100060.9198903442 8.734110967265481E7 1.2946121630925807E49 1.3446455203750434E48 1.8948158338589814E9 1.2597709773819149E9 8.679077461325791E7 0.0 550335.0593968931 
2072 2.494E8 0.0 1.786E7 2.6726E8 1.4153363476647243E43 1.1027298734782505E8 1696162.643346054 173174.73020930664 1.4153363476647243E43 7.404564088509032E7 1013843.2734284468 95518.87674176652 4.781683175265345E41 987979.5214397229 0.0 102562.44288760281 9.008245949489285E7 6.69785361479281E49 6.956708089590277E48 1.9326603459445324E9 1.2944127017567472E9 8.951961682050967E7 0.0 562842.6743831862 
2073 2.5375E8 0.0 1.824E7 2.7199E8 7.041930427441268E43 1.1351475657240999E8 1741062.6604420308 177733.71710085796 7.041930427441268E43 7.664219443180127E7 1047895.8614777841 98868.43081702365 2.365766458525525E42 940249.9450231851 0.0 107565.48888212001 9.293801318848927E7 3.405718109117373E50 3.537340203519455E49 1.9711652370443578E9 1.3296004746945078E9 9.236766594511433E7 0.0 570347.243374962 
2074 2.581E8 0.0 1.862E7 2.7672E8 3.446106451635188E44 1.1681476536315885E8 1786707.0152237453 182367.83303276074 3.446106451635188E44 7.925992398959155E7 1082232.4578587085 102245.30194657312 1.151189855963127E43 953487.7197956466 0.0 110067.01187937862 9.584930492525236E7 1.702737661075533E51 1.7685440295250347E50 2.0103305071584575E9 1.3653891894535406E9 9.527395463588291E7 0.0 575350.2893694792 
2075 2.61E8 0.0 1.938E7 2.8038E8 1.6657166106962462E45 1.2013595016498706E8 1832656.380611029 187029.26601895582 1.6657166106962462E45 8.194913088831823E7 1117498.8073620263 105714.3788459305 5.512260017605231E43 979963.2693405714 0.0 115070.05787389583 9.882442118772452E7 8.374013501410712E51 8.697647349223121E50 2.049938251634698E9 1.4015968073099582E9 9.824907089835507E7 0.0 575350.2893694792 
2076 2.668E8 0.0 1.938E7 2.8618E8 7.865301572823416E45 1.2355243808806378E8 1879789.4107642188 191813.64003156152 7.865301572823416E45 8.468598934766912E7 1153356.9892482974 109244.92625849317 2.5977890714189735E44 979963.2693405714 0.0 115070.05787389583 1.0187351631413032E8 4.0526562446222414E52 4.209280910926639E51 2.0904242797773461E9 1.438587405711535E9 1.0129566450176361E8 0.0 577851.8123667378 
2077 2.7115E8 0.0 1.938E7 2.9053E8 3.675902192437343E46 1.2704040335207684E8 1927810.1894918382 196690.2198139751 3.675902192437343E46 8.74943251479564E7 1190102.9197089984 112867.67944086377 1.2055751025776443E45 979963.2693405714 0.0 115070.05787389583 1.0499659030446973E8 1.930777807995164E53 2.0053973908236372E52 2.1315690206698E9 1.4761652395219812E9 1.044137354461085E8 0.0 582854.8583612549 
2078 2.7695E8 0.0 1.938E7 2.9633E8 1.6839640897956353E47 1.3062367173733841E8 1977014.6329853642 201689.74062279926 1.6839640897956353E47 9.037413828918007E7 1227736.598744129 116582.63839304229 5.510657209632559E45 979963.2693405714 0.0 115070.05787389583 1.0819364315874279E8 9.05880250310062E53 9.408901973779974E52 2.1735920452286615E9 1.5145260538775868E9 1.0760328373138978E8 0.0 590359.4273530308 
2079 2.813E8 0.0 1.938E7 3.0068E8 7.6394808567572E47 1.3427841746353635E8 2027106.82505332 206781.46720143134 7.6394808567572E47 9.334925455165222E7 1266553.942545166 120420.53837163135 2.482217127544274E46 979963.2693405714 0.0 115070.05787389583 1.1146717639994675E8 4.187053305974736E54 4.348872232757072E53 2.216273782537329E9 1.5534741036420617E9 1.1086430935760744E8 0.0 602867.0423393238 
2080 2.871E8 0.0 1.938E7 3.0648E8 3.400007373341367E48 1.3802846631098276E8 2078382.6818871822 211996.13480647397 3.400007373341367E48 9.63826103802883E7 1306094.6217579588 124333.56739057189 1.1020374213760298E47 979963.2693405714 0.0 115070.05787389583 1.1478836120177495E8 1.9071844448694984E55 1.980892288792707E54 2.2598338035124044E9 1.593205133951696E9 1.1417298654444934E8 0.0 615374.6573256168 
2081 2.929E8 0.0 1.976E7 3.1266E8 1.490454017884134E49 1.4186058050490525E8 2130698.7925982582 217316.6667084707 1.490454017884134E49 9.954841090104973E7 1347301.2663209306 128417.45006235414 4.8239534418940455E47 993201.0441130335 0.0 117571.58087115444 1.1818910982708195E8 8.563772054193827E55 8.894740293116517E54 2.304273774418356E9 1.6337328512188919E9 1.175637290777673E8 0.0 625380.7493146512 
2082 2.9725E8 0.0 1.976E7 3.1701E8 6.482738081482239E49 1.458226378679558E8 2183902.970634806 222729.40438027534 6.482738081482239E49 1.0277245098797508E8 1389072.1895260469 132576.46177448783 2.0828651628906345E48 932233.6929240329 0.0 120073.10386841305 1.2171980162151703E8 3.7919454647960286E56 3.9384946934992625E55 2.3493724580741134E9 1.6747929106366136E9 1.210869163032106E8 0.0 632885.3183064271 
2083 3.0305E8 0.0 2.014E7 3.2319E8 2.7661580034199145E50 1.498667605774824E8 2238147.402548568 228248.00634903408 2.7661580034199145E50 1.0604149286629188E8 1431423.0372542269 136793.52579751652 8.872346447270547E48 945471.4676964951 0.0 122574.62686567164 1.2533005723943089E8 1.6562085003586533E57 1.7202168641748704E56 2.3953510916607466E9 1.716649657011897E9 1.2469216887512994E8 0.0 637888.3643009443 
2084 3.074E8 0.0 2.09E7 3.283E8 1.1688450784519564E51 1.539558850784005E8 2292992.7612593747 233824.6606286878 1.1688450784519564E51 1.0935818630523294E8 1474407.7219133242 141072.06033375047 3.729910328055822E49 971947.0172414192 0.0 127577.67286018886 1.2898031160274169E8 7.137571690569527E57 7.413421375917088E56 2.4419917705261226E9 1.7591210516208553E9 1.2834242323844074E8 0.0 637888.3643009443 
2085 3.132E8 0.0 2.09E7 3.341E8 4.8658174514064975E51 1.581403127005671E8 2349021.7847360885 239524.2559347521 4.8658174514064975E51 1.127701828654225E8 1518576.0713383276 145473.535896395 1.5478908770286145E50 971947.0172414193 0.0 127577.67286018886 1.3272837061029825E8 3.035921927528794E58 3.153252971472415E57 2.489510733057906E9 1.802375426774973E9 1.3208798072300003E8 0.0 640389.8872982028 
2086 3.19E8 0.0 2.09E7 3.399E8 2.000390794286729E52 1.6242004344398218E8 2406234.4729787083 245346.79226722693 2.000390794286729E52 1.1625365676654842E8 1563632.1693377607 149967.21722884744 6.342827445644079E50 971947.0172414192 0.0 127577.67286018886 1.3657173273910323E8 1.2748326239154714E59 1.3241018643833584E58 2.537907979256098E9 1.8464127824742496E9 1.3592884132880783E8 0.0 642891.4102954615 
2087 3.2625E8 0.0 2.09E7 3.4715E8 8.089571746767657E52 1.668189030889579E8 2464926.7421787116 251323.00488271497 8.089571746767657E52 1.1983243378892285E8 1609871.9321031002 154583.83958771045 2.5668277199333744E51 971947.0172414193 0.0 127577.67286018886 1.4048907373184192E8 5.2863016248770596E59 5.490604764015179E58 2.587403080037299E9 1.8914288638549755E9 1.39841179275552E8 0.0 647894.4562899787 
2088 3.3205E8 0.0 2.09E7 3.5295E8 3.246078320783968E53 1.713130658551821E8 2524802.6761446213 257422.1585246136 3.246078320783968E53 1.2348268815223365E8 1656999.4434428695 159292.6677163814 1.0262139520965131E52 971947.0172414193 0.0 127577.67286018886 1.4450672089182365E8 2.1651938796543818E60 2.248873622215579E59 2.637776464484908E9 1.9372279257808604E9 1.438488203435447E8 0.0 657900.5482790131 
2089 3.3785E8 0.0 2.09E7 3.5875E8 1.2872671601960822E54 1.7590253174265483E8 2585862.274876437 263644.25319292274 1.2872671601960822E54 1.2721500786202048E8 1705146.2063858714 164107.3601420064 4.054272336410434E52 971947.0172414191 0.0 127577.67286018886 1.4859584539274174E8 8.761811889246978E60 9.100436064113543E59 2.6890281325989246E9 1.9838099682519047E9 1.4792793875247374E8 0.0 667906.6402680476 
2090 3.4365E8 0.0 2.128E7 3.6493E8 5.040818243801802E54 1.8057406297660357E8 2647962.1274854667 269972.212158186 5.040818243801802E54 1.3104263069305581E8 1754497.6363687613 169044.99359404197 1.583120256920169E53 985184.7920138817 0.0 130079.19585744746 1.5276453371713862E8 3.5038543181128416E61 3.6392705159025185E60 2.741159750643818E9 2.0311886976805108E9 1.5208912250787884E8 0.0 675411.2092598234 
2091 3.509E8 0.0 2.128E7 3.7218E8 1.9461148923719264E55 1.8536472311211294E8 2711541.56105188 276453.8474064625 1.9461148923719264E55 1.3492849309025508E8 1804572.401763407 174057.75608642903 6.110992155697703E53 985184.7920138817 0.0 130079.19585744746 1.5702852516278398E8 1.3850086966666393E62 1.4385362838952642E61 2.794389223271721E9 2.079546152790566E9 1.5634560938453242E8 0.0 682915.7782515993 
2092 3.567E8 0.0 2.166E7 3.7836E8 7.45219510445663E55 1.9023744859409836E8 2776161.2484955066 283041.34695169306 7.45219510445663E55 1.3895738818511936E8 1856444.6355370344 179255.03075880394 2.3325654982382846E54 998422.5667863432 0.0 132580.71885470607 1.6139590621222028E8 5.412644225841137E62 5.621831518490106E61 2.8484986458305E9 2.128700294858183E9 1.607079873879742E8 0.0 687918.8242461164 
2093 3.625E8 0.0 2.204E7 3.8454E8 2.8227079818543064E56 1.9525070525075155E8 2841821.5085673896 289734.71079387766 2.8227079818543064E56 1.4305776062092E8 1909066.563389462 184544.5112009868 8.805902295176529E54 950692.9903698051 0.0 137583.76484922328 1.6590131691332704E8 2.091751677372383E63 2.1725936038989926E62 2.903488018320155E9 2.178596230625018E9 1.6521339808908096E8 0.0 687918.8242461164 
2094 3.6975E8 0.0 2.204E7 3.9179E8 1.0549028624355793E57 2.0038309080896533E8 2908961.349596655 296581.7509190755 1.0549028624355793E57 1.472534361779692E8 1962872.1560077963 189956.93266958022 3.288478815267784E55 950692.9903698051 0.0 137583.76484922328 1.7050453225867957E8 7.995482423487821E63 8.304492027987483E62 2.95957524539282E9 2.2294708920733023E9 1.6981411191143623E8 0.0 690420.347243375 
2095 3.77E8 0.0 2.204E7 3.9904E8 3.9015345176423314E57 2.0563460526873976E8 2977580.7715833043 303582.46732728655 3.9015345176423314E57 1.5154441485626686E8 2017861.4133920367 195492.2951645842 1.2150299427187351E56 950692.9903698051 0.0 137583.76484922328 1.752030507252806E8 3.023434682598919E64 3.140284689547874E63 3.0167603270484943E9 2.2813242792030354E9 1.7451012885504E8 0.0 692921.8702406336 
2096 3.828E8 0.0 2.204E7 4.0484E8 1.4333987740931833E58 2.109814228497627E8 3047383.858335859 310706.1247619082 1.4333987740931833E58 1.5595452243612516E8 2074330.2517336605 201181.33394260143 4.442952883009897E56 950692.9903698051 0.0 137583.76484922328 1.8002319961643955E8 1.1312606905779814E65 1.1749818599847397E64 3.0748236923705764E9 2.333960646877928E9 1.7932527470020443E8 0.0 697924.9162351509 
2097 3.9005E8 0.0 2.204E7 4.1209E8 5.194594522922144E58 2.164473693323463E8 3118666.526045797 317983.45847954304 5.194594522922144E58 1.604599331372319E8 2131982.7548411903 206993.3137470292 1.6080379693906522E57 950692.9903698053 0.0 137583.76484922328 1.8494115315184423E8 4.1890280724813483E65 4.350926766154225E64 3.133984912275668E9 2.387575740234269E9 1.8423572366661733E8 0.0 705429.4852269266 
2098 3.973E8 0.0 2.204E7 4.1934E8 1.8639971846221772E59 2.2203244471649042E8 3191428.774713118 325414.4684801911 1.8639971846221772E59 1.6504740918481472E8 2190654.5095519526 212911.15784841104 5.761588176550108E57 950692.9903698051 0.0 137583.76484922328 1.8995440980849737E8 1.5354375811362347E66 1.594779737705169E65 3.1942439867637696E9 2.44216955927206E9 1.892414757542787E8 0.0 712934.0542187024 
2099 4.0455E8 0.0 2.242E7 4.2697E8 6.618110344592565E59 2.2772341122742277E8 3265527.19344913 332982.07803439593 6.618110344592565E59 1.6973018835364604E8 2250530.931302603 218951.94297620343 2.043994694535253E58 963930.7651422665 0.0 140085.2878464819 1.9507105606894147E8 5.571817823759919E66 5.787160071630609E65 3.2556025820993495E9 2.4977558104037023E9 1.9435311896872827E8 0.0 717937.1002132195 
2100 4.118E8 0.0 2.242E7 4.3422E8 2.329531691393773E60 2.3353350663991576E8 3341105.1931425245 340703.36387161375 2.329531691393773E60 1.7451885864926553E8 2311722.5208479627 225129.32765755255 7.181159349472672E58 963930.7651422666 0.0 140085.2878464819 2.0030683123094618E8 2.0020862961676328E67 2.079464099598132E66 3.318059032017939E9 2.5543207872167935E9 1.9958389108473846E8 0.0 722940.1462077367 
2101 4.1905E8 0.0 2.28E7 4.4185E8 8.11616816294715E60 2.394494931791969E8 3418019.36290461 348561.24926238845 8.11616816294715E60 1.7938959429136103E8 2373954.364270536 231412.57663585577 2.498921541406624E59 977168.5399147302 0.0 142586.81084374047 2.0562217021642968E8 7.124640858172242E67 7.399999018874032E66 3.3816150027840066E9 2.6118781961237364E9 2.048967285472247E8 0.0 725441.6692049954 
2102 4.263E8 0.0 2.318E7 4.4948E8 2.80178239916344E61 2.454713708452662E8 3496269.702735386 356555.73420671985 2.80178239916344E61 1.8435563305470505E8 2437390.874732998 237818.76664056955 8.614430499873283E59 990406.3146871917 0.0 145088.33384099908 2.110408988057041E8 2.5113576428903155E68 2.6084187001281854E67 3.4462704943975525E9 2.670428037124531E9 2.103154571364991E8 0.0 725441.6692049954 
2103 4.35E8 0.0 2.318E7 4.5818E8 9.562425035019166E61 2.5163620319320825E8 3576295.539715022 364734.6306906671 9.562425035019166E61 1.894408007196097E8 2502306.966152843 244378.63292829655 2.9421489557650013E60 990406.3146871919 0.0 145088.33384099908 2.1658125781953636E8 8.769779832578375E68 9.108722882578427E67 3.51224341151071E9 2.730152348943064E9 2.1585331462733412E8 0.0 727943.192202254 
2104 4.437E8 0.0 2.318E7 4.6688E8 3.2349383749848848E62 2.5794399022302303E8 3658096.8738435176 373097.93871423026 3.2349383749848848E62 1.9464509728607497E8 2568702.638530071 251092.17549903673 9.95719028627843E60 990406.3146871919 0.0 145088.33384099908 2.2224074573492926E8 3.0343843772889617E69 3.1516607015386847E68 3.579533754123479E9 2.7910511315793366E9 2.2151030101972976E8 0.0 730444.7151995127 
2105 4.5095E8 0.0 2.318E7 4.7413E8 1.0882133479519055E63 2.6437090615439844E8 3741377.788929396 381614.9230208065 1.0882133479519055E63 1.9994469697378874E8 2636281.9756732057 257928.6590961875 3.3399487005077106E61 990406.3146871917 0.0 145088.33384099908 2.2802186407488006E8 1.0404463615302895E70 1.0806588808087785E69 3.6479219513192577E9 2.852928639897058E9 2.2728641631368604E8 0.0 735447.7611940299 
2106 4.5965E8 0.0 2.318E7 4.8283E8 3.618213249576309E63 2.7094077676764655E8 3826434.201164134 390316.3188669987 3.618213249576309E63 2.0536342556306314E8 2705340.893773723 264918.81897635147 1.1104766918543099E62 990406.3146871919 0.0 145088.33384099908 2.3392461283938873E8 3.5358975072266015E70 3.672558074968569E69 3.717627574014648E9 2.9159806190325184E9 2.3318166050920293E8 0.0 742952.3301858057 
2107 4.6835E8 0.0 2.318E7 4.9153E8 1.19292726182572E64 2.776536020627674E8 3913266.110547731 399202.12625280675 1.19292726182572E64 2.1096225040508717E8 2776636.607333391 272141.3030225624 3.6602427227636284E62 990406.3146871919 0.0 145088.33384099908 2.3994649050545803E8 1.1911665739316834E71 1.2372047549045571E70 3.78865062220965E9 2.9802070689857173E9 2.3919603360628045E8 0.0 750456.8991775815 
2108 4.7705E8 0.0 2.318E7 5.0023E8 3.900576833936237E64 2.845678478679528E8 4001873.83583123 408272.3451782305 3.900576833936237E64 2.1668020414867184E8 2849252.84508083 279517.46335178666 1.1961990099225195E63 929438.9634981916 0.0 147589.8568382577 2.4616978868159184E8 3.9783093769339945E71 4.1320704716037573E70 3.8609910959042635E9 3.0455530964983115E9 2.4541432873641974E8 0.0 755459.9451720987 
2109 4.8575E8 0.0 2.318E7 5.0893E8 1.265006779883384E65 2.916250483550109E8 4092257.058263588 417526.97564327024 1.265006779883384E65 2.2250404901904467E8 2923184.2506229784 287030.22323456756 3.8765974383857854E63 929438.9634981914 0.0 147589.8568382577 2.5253604153959838E8 1.3174575839860235E72 1.368377415098182E71 3.934648995098489E9 3.1120735948286448E9 2.5177557854843175E8 0.0 760462.991166616 
2110 4.9445E8 0.0 2.356E7 5.1801E8 4.066681083124843E65 2.9881196574916935E8 4184272.366956114 426948.94091846934 4.066681083124843E65 2.2843378501620564E8 2998451.8262338177 294679.5826709052 1.245959231482983E64 942676.7382706538 0.0 150091.3798355163 2.5900568400139582E8 4.326573316425211E72 4.493796676072582E71 4.009625986056794E9 3.179782270389119E9 2.5824271948723194E8 0.0 762964.5141638746 
2111 5.0315E8 0.0 2.394E7 5.2709E8 1.2970349276702948E66 3.061286000504281E8 4277919.761908807 436538.24100382783 1.2970349276702948E66 2.3448264991492718E8 3075219.985076022 302482.6183902561 3.972103848047813E64 955914.5130431144 0.0 152592.9028327749 2.656025418472963E8 1.409213146313168E73 1.4636800008265857E72 4.0859220687791796E9 3.248679123179735E9 2.6483957733313242E8 0.0 762964.5141638746 
2112 5.1185E8 0.0 2.394E7 5.3579E8 4.10757296438358E66 3.135881890335595E8 4373342.65401036 446311.95262880216 4.10757296438358E66 2.4067446949552155E8 3153763.6410670853 310470.0656492228 1.2562142320208007E65 955914.5130431146 0.0 152592.9028327749 2.723423543750693E8 4.552908853399554E73 4.728882435043783E72 4.1635355770011764E9 3.31875044678809E9 2.715793898609056E8 0.0 762964.5141638746 
2113 5.22E8 0.0 2.394E7 5.4594E8 1.2874095970751666E67 3.212145584788759E8 4470836.959452249 456300.81104999495 1.2874095970751666E67 2.4700924375798863E8 3234082.7942070086 318641.92444780533 3.9415150109577227E65 955914.5130431146 0.0 152592.9028327749 2.792251215847153E8 1.459264404900876E74 1.515666546991521E73 4.2426860816393867E9 3.390191986350474E9 2.784621570705516E8 0.0 762964.5141638746 
2114 5.307E8 0.0 2.394E7 5.5464E8 4.015340087907165E67 3.28983882606065E8 4570106.762042997 466474.0810108036 4.015340087907165E67 2.5346314692201635E8 3315881.5283043147 326967.45952940104 1.227148773616338E66 955914.5130431146 0.0 152592.9028327749 2.862533449992313E8 4.640487381277606E74 4.819848576418714E73 4.323154011777209E9 3.4628079967305965E9 2.854878789620703E8 0.0 765466.0371611331 
2115 5.4085E8 0.0 2.394E7 5.6479E8 1.239821037491412E68 3.36919987195439E8 4671447.9779740805 476862.4977678307 1.239821037491412E68 2.6006000476791683E8 3399455.75955048 335477.40615061263 3.7913509790581955E66 955914.5130431146 0.0 152592.9028327749 2.934270246186173E8 1.4642941683436165E75 1.520891598206277E74 4.405158938331245E9 3.536794223064748E9 2.926565555354618E8 0.0 770469.0831556503 
2116 5.51E8 0.0 2.394E7 5.7494E8 3.8003699219012324E68 3.4502287224699783E8 4774860.607245501 487466.0613210763 3.8003699219012324E68 2.6679981729569E8 3484805.4879455054 344171.76431144006 1.1625325219273173E67 955914.5130431146 0.0 152592.9028327749 3.0074365891987604E8 4.585403337386518E75 4.762638387711257E74 4.488700861301495E9 3.6121506653529277E9 2.99968186790726E8 0.0 775472.1291501675 
2117 5.6115E8 0.0 2.394E7 5.8509E8 1.1565546833214782E69 3.5329253776074153E8 4880344.6498572575 498284.7716705404 1.1565546833214782E69 2.73682584505336E8 3571930.71348939 353050.53401188337 3.538187509029298E67 955914.5130431146 0.0 152592.9028327749 3.0820324790300745E8 1.4251461312215468E76 1.4802313880930158E75 4.573779780687958E9 3.688877323595136E9 3.074227727278629E8 0.0 780475.1751446846 
2118 5.713E8 0.0 2.394E7 5.9524E8 3.494799341708652E69 3.6172898373667014E8 4987900.1058093505 509318.628816223 3.494799341708652E69 2.8069506862208223E8 3660667.02301946 362096.638522486 1.068981436017659E68 955914.5130431146 0.0 152592.9028327749 3.158296173483238E8 4.396640331024582E76 4.566582461044385E75 4.660395696490634E9 3.7669741977913733E9 3.1504413912718475E8 0.0 785478.2211392019 
2119 5.8145E8 0.0 2.432E7 6.0577E8 1.0480042950961865E70 3.703189724000112E8 5097383.564213087 520550.55602866755 1.0480042950961865E70 2.878372696459288E8 3751035.418809698 371310.0778432481 3.2063813704897364E68 969152.2878155775 0.0 155094.42583003352 3.235832021777432E8 1.3465054399635123E77 1.3985520685935916E76 4.748550274973992E9 3.8464549943540416E9 3.2279522243360686E8 0.0 787979.7441364605 
2120 5.916E8 0.0 2.47E7 6.163E8 3.1211234218093054E70 3.7906250375076455E8 5208795.0250684675 531980.5533078741 3.1211234218093054E70 2.951224253516481E8 3843200.314022777 380707.928703626 9.549106816336658E68 982390.0625880403 0.0 157595.9488272921 3.3148782817157775E8 4.0941693642260645E77 4.252423443097498E76 4.838243516138033E9 3.927319713283141E9 3.306998484274414E8 0.0 787979.7441364605 
2121 6.0175E8 0.0 2.47E7 6.2645E8 9.237801490277456E70 3.879728155637029E8 5322277.899264184 543625.6973832992 9.237801490277456E70 3.025505357392401E8 3937140.7063847156 390290.19110361964 2.82399525840162E69 982390.0625880403 0.0 157595.9488272921 3.3955923462759715E8 1.236055235345581E78 1.28383366356375E77 4.9294737537182865E9 4.0095546481662693E9 3.387712548834608E8 0.0 787979.7441364605 
2122 6.1335E8 0.0 2.47E7 6.3805E8 2.7096595808476205E71 3.970737336191381E8 5438128.102991714 555516.7235115453 2.7096595808476205E71 3.1014542658901703E8 4033152.5120869908 400087.6002998318 8.29359653709816E69 982390.0625880403 0.0 157595.9488272921 3.4779742154580146E8 3.7056739707513185E78 3.8489146338936814E77 5.022460558631355E9 4.093355544139716E9 3.470094418016651E8 0.0 787979.7441364605 
2123 6.2495E8 0.0 2.47E7 6.4965E8 7.896029565316289E71 4.0636525791707045E8 5556345.636251057 567653.6316926127 7.896029565316289E71 3.178832721206667E8 4130939.814938125 410069.4210356599 2.4190449902532912E70 982390.0625880404 0.0 157595.9488272921 3.562048904491879E8 1.1033052947627327E79 1.1459534478008255E78 5.11720393087724E9 4.1787224012034817E9 3.554144091820543E8 0.0 790481.267133719 
2124 6.351E8 0.0 2.47E7 6.598E8 2.2910784649231407E72 4.1582356267718756E8 5676634.582850735 580005.6866698985 2.2910784649231407E72 3.2578789811450124E8 4230798.531129596 420266.38856770645 7.008574271422771E70 982390.0625880403 0.0 157595.9488272921 3.647816413377564E8 3.262603875804774E79 3.388721147372767E78 5.213484299539338E9 4.265459474221276E9 3.639861570246283E8 0.0 795484.3131282363 
2125 6.467E8 0.0 2.47E7 6.714E8 6.590530202691673E72 4.2547247367980176E8 5799290.858982227 592603.6237000054 6.590530202691673E72 3.3385930457052064E8 4332728.660661402 430678.50289597147 2.0170757592095063E71 982390.0625880403 0.0 157595.9488272921 3.735251726885099E8 9.583259007139536E79 9.953708864503951E78 5.311521235534252E9 4.353762508329389E9 3.7272468532938725E8 0.0 800487.3591227536 
2126 6.5975E8 0.0 2.47E7 6.8445E8 1.879896365047999E73 4.35335816705225E8 5924610.380837007 605478.178039536 1.879896365047999E73 3.4209749148872495E8 4436730.203533544 441305.764020455 5.766923504562939E71 982390.0625880403 0.0 157595.9488272921 3.824354845014481E8 2.796285736326345E80 2.9043803476828776E79 5.411534309778584E9 4.443827248664109E9 3.8162999409633094E8 0.0 805490.4051172709 
2127 6.7135E8 0.0 2.47E7 6.9605E8 5.340378026863155E73 4.4538976597314537E8 6052297.2322236 618598.6144318879 5.340378026863155E73 3.5048922109434164E8 4542638.746583349 452131.09521170054 1.6381555282110064E72 982390.0625880403 0.0 157595.9488272921 3.9153640255688345E8 8.106020103904908E80 8.419375212328071E79 5.51330395135573E9 4.5354579500891485E9 3.907259091057718E8 0.0 810493.451111788 
2128 6.8295E8 0.0 2.508E7 7.0803E8 1.5069468990834178E74 4.556210837087902E8 6182208.0022533145 631947.8561476044 1.5069468990834178E74 3.591086985133321E8 4651396.919749239 463250.2210821983 4.6236994048328345E72 995627.8373605018 0.0 160097.4718245507 4.00812187557046E8 2.334689648880628E81 2.424943385453694E80 5.61683182653016E9 4.628668319016909E9 3.9999919258293706E8 0.0 812994.9741090466 
2129 6.96E8 0.0 2.508E7 7.2108E8 4.2202717180603927E74 4.661252992954358E8 6314782.336757359 645573.7151727446 4.2202717180603927E74 3.678949563945076E8 4762067.449485854 474584.4937489147 1.2968007966017243E73 934660.4861715008 0.0 162598.99482180932 4.103132188475851E8 6.681634888254513E81 6.939935859992171E80 5.722335839954007E9 4.723585500912933E9 4.0950022387347615E8 0.0 812994.9741090466 
2130 7.076E8 0.0 2.508E7 7.3268E8 1.1772177721246264E75 4.768201211245785E8 6449724.000793217 659445.4562507061 1.1772177721246264E75 3.768479947378679E8 4874809.392562806 486133.9132118495 3.6146122241259176E73 934660.4861715008 0.0 162598.99482180932 4.2000485638062125E8 1.9002222599420523E82 1.9736830025085265E81 5.82959642071067E9 4.820068643899277E9 4.191918614065123E8 0.0 812994.9741090466 
2131 7.2065E8 0.0 2.508E7 7.4573E8 3.2579546813795933E75 4.877293749765303E8 6587328.910552364 673593.8146380914 3.2579546813795933E75 3.859916393237251E8 4989918.66517157 497929.2147276054 1.0013240821807513E74 934660.4861715008 0.0 162598.99482180932 4.299109259364666E8 5.3706811405027505E82 5.5783102552903285E81 5.938833139716751E9 4.918313493112228E9 4.2909793096235764E8 0.0 812994.9741090466 
2132 7.337E8 0.0 2.508E7 7.5878E8 8.964147170448216E75 4.988530608512911E8 6727597.0660348 688018.7903349003 8.964147170448216E75 3.953258901520794E8 5107395.267312148 509970.3982961825 2.757076260161056E74 934660.4861715008 0.0 162598.99482180932 4.4001010325780606E8 1.5086626698080103E83 1.5669882902521645E82 6.050045996972249E9 5.018320048551788E9 4.3919460676069987E8 0.0 815496.4971063052 
2133 7.4675E8 0.0 2.508E7 7.7183E8 2.4523240287765203E76 5.101911787488612E8 6870528.467240525 702720.3833411331 2.4523240287765203E76 4.048269214426186E8 5226943.28279306 522226.728660978 7.546053417185177E74 934660.4861715009 0.0 162598.99482180932 4.5029988682164264E8 4.212370112190769E83 4.375225625323589E82 6.163234992477164E9 5.120088310217957E9 4.494818888015392E8 0.0 817998.0201035638 
2134 7.6125E8 0.0 2.508E7 7.8633E8 6.658537532167144E76 5.2176755444955254E8 7016419.030361017 717729.3289133923 6.658537532167144E76 4.145185589756548E8 5348858.627805786 534728.9410785948 2.0530859705899356E75 934660.4861715008 0.0 162598.99482180932 4.6080410240828836E8 1.1691375607747822E84 1.2143388338757708E83 6.278619697148099E9 5.223814023247023E9 4.5998360286518764E8 0.0 820499.5431008225 
2135 7.743E8 0.0 2.508E7 7.9938E8 1.8011776638586848E77 5.3355836217305297E8 7164972.839204798 733014.8917950753 1.8011776638586848E77 4.244246285315001E8 5473437.218541802 547507.7708056351 5.553428137987174E75 934660.4861715008 0.0 162598.99482180932 4.7149892423743105E8 3.2258328427538924E84 3.3505529360333467E83 6.395980540068451E9 5.329301442502697E9 4.706759231713331E8 0.0 823001.0660980811 
2136 7.888E8 0.0 2.508E7 8.1388E8 4.836701639377664E77 5.455874276996746E8 7316485.809963345 748607.8072427845 4.836701639377664E77 4.345080665550699E8 5600218.725646955 560515.4058560403 1.4934825045537776E76 934660.4861715009 0.0 162598.99482180932 4.824081780893829E8 8.848854541712141E84 9.19098485313838E83 6.515537092154822E9 5.436746313121269E9 4.8158267550028765E8 0.0 825502.5890953396 
2137 8.033E8 0.0 2.546E7 8.2876E8 1.291176405486776E78 5.57841513254645E8 7470814.531747964 764490.9985270639 1.291176405486776E78 4.4478211082113683E8 5729388.564557903 573768.9229592666 3.993500166162916E76 947898.2609439637 0.0 165100.51781906793 4.93516124666374E8 2.4134170163304564E85 2.5067311056887358E84 6.637291019671682E9 5.546162341515142E9 4.926906220772788E8 0.0 825502.5890953396 
2138 8.178E8 0.0 2.546E7 8.4326E8 3.4299905288839626E78 5.703338566127368E8 7628102.41544735 780681.5423773696 3.4299905288839626E78 4.5527058711001277E8 5861221.649192141 587299.0573719166 1.0618389910903938E77 947898.2609439637 0.0 165100.51781906793 5.0483850326617444E8 6.544980494659835E85 6.798046611876285E84 6.761240656354562E9 5.657535821271914E9 5.040130006770792E8 0.0 825502.5890953396 
2139 8.323E8 0.0 2.546E7 8.5776E8 9.063459269425474E78 5.830644577739497E8 7788349.461061501 797179.4387937017 9.063459269425474E78 4.659496696413857E8 5995422.063358192 601075.0738373876 2.8076762906848883E77 947898.2609439637 0.0 165100.51781906793 5.16399139669096E8 1.765001073692116E86 1.8332478061418727E85 6.887386002203461E9 5.770866752391583E9 5.1557363708000076E8 0.0 825502.5890953396 
2140 8.468E8 0.0 2.546E7 8.7226E8 2.382395311590692E79 5.960333167382839E8 7951555.668590419 813984.6877760601 2.382395311590692E79 4.7684318419556785E8 6132285.723247532 615127.7076122825 7.383292860929623E77 947898.2609439638 0.0 165100.51781906793 5.2817420809482664E8 4.7333825240868517E86 4.9164116468028325E85 7.015727057218379E9 5.886155134874151E9 5.273487055057314E8 0.0 825502.5890953396 
2141 8.6275E8 0.0 2.546E7 8.8821E8 6.219673212610989E79 6.092642592860515E8 8118016.954225579 831128.0245810477 6.219673212610989E79 4.87951130772559E8 6271812.628860161 629456.9586966012 1.93101072531106E78 947898.2609439637 0.0 165100.51781906793 5.401900358466759E8 1.2624583562512322E87 1.3112761150271258E86 7.146483392315918E9 6.0035967138559065E9 5.393620317345834E8 0.0 828004.1120925982 
2142 8.7725E8 0.0 2.546E7 9.0271E8 1.6181176374346007E80 6.227334596369402E8 8287437.401775505 848578.7139520617 1.6181176374346007E80 4.992735093723594E8 6414002.780196079 644062.8270903437 5.023368266907109E78 947898.2609439637 0.0 165100.51781906793 5.524441214016463E8 3.348957360718487E87 3.4784613245546347E86 7.279435436579476E9 6.122995744200561E9 5.516136157665565E8 0.0 830505.6350898568 
2143 8.932E8 0.0 2.546E7 9.1866E8 4.181749773319087E80 6.364647435712625E8 8460112.927431675 866367.4911457048 4.181749773319087E80 5.1083414577528095E8 6559152.093446763 658976.0480501126 1.2998615778250855E79 947898.2609439637 0.0 165100.51781906793 5.649364647597381E8 8.836433414908942E87 9.178148081519367E86 7.414802760925656E9 6.244547971044402E9 5.641034576016511E8 0.0 833007.1580871154 
2144 9.0915E8 0.0 2.546E7 9.3461E8 1.0753343051168745E81 6.504581110890181E8 8636043.531194085 884494.3561619768 1.0753343051168745E81 5.226092142010116E8 6706964.652420737 674165.8863193052 3.3459568217757325E79 947898.2609439637 0.0 165100.51781906793 5.776670659209511E8 2.319244050859669E88 2.4089346117306778E87 7.552585365354458E9 6.368253394387432E9 5.768315572398669E8 0.0 835508.681084374 
2145 9.2655E8 0.0 2.546E7 9.5201E8 2.7474306782155263E81 6.647373879705192E8 8815525.129254214 902990.0442574807 2.7474306782155263E81 5.346093026550911E8 6857571.9601468025 689646.0004250676 8.568024478184407E79 947898.2609439637 0.0 165100.51781906793 5.906359248852853E8 6.0554253507088874E88 6.289610389373338E87 7.693002820782482E9 6.494307759365939E9 5.897979146812037E8 0.0 838010.2040816327 
2146 9.425E8 0.0 2.584E7 9.6834E8 6.993493162128646E81 6.792655106606811E8 8998118.394531896 921806.743446157 6.993493162128646E81 5.468476489122919E8 7011159.432061615 705433.4670968566 2.182811609475788E80 961136.035716426 0.0 167602.04081632654 6.038511281352831E8 1.5728881388042658E89 1.6337194346767245E88 7.835837222557596E9 6.622529027256037E9 6.030131179312016E8 0.0 838010.2040816327 
2147 9.599E8 0.0 2.584E7 9.8574E8 1.7696956086426103E82 6.940795427145886E8 9184262.654107295 940992.2657140649 1.7696956086426103E82 5.593242529726139E8 7167706.065891195 721528.286334672 5.532808444283234E80 961136.035716426 0.0 167602.04081632654 6.173045891884022E8 4.064730324055614E89 4.221938908548011E88 7.981306475331933E9 6.753099236781612E9 6.164665789843206E8 0.0 838010.2040816327 
2148 9.773E8 0.0 2.584E7 1.00314E9 4.457062540154201E82 7.091794841322416E8 9373957.907980414 960546.6110612047 4.457062540154201E82 5.720391148360572E8 7327211.86163554 737930.4581385137 1.3953926334059056E81 961136.035716426 0.0 167602.04081632654 6.310201338249546E8 1.045133154617049E90 1.0855564761648809E89 8.129410579105494E9 6.886018387942666E9 6.301821236208731E8 0.0 838010.2040816327 
2149 9.947E8 0.0 2.584E7 1.02054E9 1.1172870135363047E83 7.245653349136401E8 9567204.156151252 980469.7794875761 1.1172870135363047E83 5.849922345026217E8 7489676.81929465 754639.982508382 3.5018344963410618E81 961136.035716426 0.0 167602.04081632654 6.449977620449405E8 2.6738824726107033E90 2.777305944337496E89 8.280149533878277E9 7.021286480739197E9 6.441597518408589E8 0.0 838010.2040816327 
2150 1.0121E9 0.0 2.584E7 1.03794E9 2.7878317879578747E83 7.402370950587841E8 9764001.398619806 1000761.7709931793 2.7878317879578747E83 5.982074377526195E8 7655396.855060004 771687.5947008792 8.745197261736993E81 961136.035716426 0.0 167602.04081632654 6.592638011516691E8 6.807194749636968E90 7.070501496732423E89 8.433523339650284E9 7.1589035151712055E9 6.584232894245903E8 0.0 840511.7270788914 
2151 1.03095E9 0.0 2.584E7 1.05679E9 6.914767596670238E83 7.562185903479857E8 9964645.551577559 1021453.3208346167 6.914767596670238E83 6.116608988057386E8 7824076.052740123 789042.5594594028 2.173366194409168E82 961136.035716426 0.0 167602.04081632654 6.737919238418311E8 1.72453949698425E91 1.7912485188790786E90 8.589751567338116E9 7.299065236374982E9 6.72948910591755E8 0.0 843013.2500761498 
2152 1.04835E9 0.0 2.584E7 1.07419E9 1.7096986552891656E84 7.724859950009328E8 1.016884069883303E7 1042513.6937552858 1.7096986552891656E84 6.25376443442291E8 7996010.328526486 806735.6120405556 5.375545766668993E82 961136.035716426 0.0 167602.04081632654 6.886059558957386E8 4.347911922501213E91 4.516105882052733E90 8.748614646025171E9 7.441575899214236E9 6.877604411226653E8 0.0 845514.7730734085 
2153 1.0672E9 0.0 2.584E7 1.09304E9 4.20270600890859E84 7.890631347979375E8 1.0376882756577697E7 1063973.6250117891 4.20270600890859E84 6.393540716622769E8 8171199.68241909 824766.7524443372 1.3232820146181667E83 961136.035716426 0.0 167602.04081632654 7.037058973133916E8 1.0909731312875989E92 1.1331780013917328E91 8.910332146628052E9 7.586631248825257E9 7.02857881017321E8 0.0 848016.2960706672 
2154 1.0875E9 0.0 2.584E7 1.11334E9 1.0271983608218163E85 8.05973835519312E8 1.0589067641003037E7 1085863.8498607296 1.0271983608218163E85 6.536043714712358E8 8349775.617446739 843149.6391978943 3.2421759884843114E83 961136.035716426 0.0 167602.04081632654 7.190917480947901E8 2.7245563614668913E92 2.829961990851915E91 9.075123640063358E9 7.7344270303443365E9 7.182412302757223E8 0.0 850517.8190679257 
2155 1.10635E9 0.0 2.622E7 1.13257E9 2.5021255370638543E85 8.231810336099716E8 1.080495602502888E7 1108136.556316048 2.5021255370638543E85 6.68116754863628E8 8531627.632854614 861870.6137740803 7.906927588219068E83 974373.8104888875 0.0 170103.56381358515 7.347477689421643E8 6.772488401912832E92 7.034509600464187E91 9.24277122167896E9 7.8847812050475855E9 7.338972511230965E8 0.0 850517.8190679257 
2156 1.12665E9 0.0 2.622E7 1.15287E9 6.0629318050415145E85 8.407217926250011E8 1.1024987235735398E7 1130839.556363803 6.0629318050415145E85 6.829150476197658E8 8717030.642560206 880960.411429498 1.9194742146191027E84 974373.8104888875 0.0 170103.56381358515 7.507135249335963E8 1.6756889288372473E93 1.7405228629021011E92 9.41349279612699E9 8.037875811658892E9 7.498630071145284E8 0.0 850517.8190679257 
2157 1.1455E9 0.0 2.622E7 1.17172E9 1.4646924072289803E86 8.58572286784088E8 1.124886535693111E7 1153942.1147473927 1.4646924072289803E86 6.97999249739649E8 8905984.646563519 900419.0321641474 4.638676973913941E84 974373.8104888875 0.0 170103.56381358515 7.669651902887735E8 4.127173614005129E93 4.28686563172032E92 9.587068792490843E9 8.1935151050419655E9 7.661146724697057E8 0.0 850517.8190679257 
2158 1.16725E9 0.0 2.622E7 1.19347E9 3.5148399844110993E86 8.76780167647857E8 1.1477182220998973E7 1177505.701980022 3.5148399844110993E86 7.133693612232778E8 9098489.64486455 920246.4759780285 1.1159539203439667E85 974373.8104888875 0.0 170103.56381358515 7.835265907880086E8 1.0119230068279853E94 1.0510791698417655E93 9.763938352603725E9 8.352090575469386E9 7.826760729689407E8 0.0 850517.8190679257 
2159 1.18755E9 0.0 2.622E7 1.21377E9 8.409841342000997E86 8.953216094359956E8 1.1709641911747506E7 1201499.5828050883 8.409841342000997E86 7.290253820706521E8 9294545.6374633 940442.7428711413 2.6728331983993334E85 974373.8104888875 0.0 170103.56381358515 8.004240537346106E8 2.4700083713612324E94 2.5655899010823864E93 9.943881905549036E9 8.513406477804865E9 7.995710343925455E8 0.0 853019.3420651844 
2160 1.2093E9 0.0 2.622E7 1.23552E9 2.0015311824633383E87 9.142204379288162E8 1.194654034536819E7 1225954.492479194 2.0015311824633383E87 7.461356154363865E8 9547203.313993324 967643.5663619182 6.373584688196161E85 974373.8104888875 0.0 170103.56381358515 8.176312518252703E8 6.002415923264533E94 6.234703107841792E93 1.0127119022243376E10 8.67765855718469E9 8.167757309602079E8 0.0 855520.865062443 
