2020 1.0E8 0.0 0.0 
2021 9.933333333333333E7 0.0 0.0 
2022 1.0166666666666666E8 0.0 0.0 
2023 1.0399999999999999E8 0.0 0.0 
2024 1.0633333333333331E8 0.0 0.0 
2025 1.0866666666666666E8 0.0 0.0 
2026 1.1099999999999999E8 0.0 0.0 
2027 1.1633333333333331E8 0.0 0.0 
2028 1.1866666666666666E8 0.0 0.0 
2029 1.21E8 0.0 0.0 
2030 1.2333333333333333E8 0.0 0.0 
2031 1.1666666666666666E8 1.015E7 0.0 
2032 1.0999999999999999E8 1.82E7 0.0 
2033 1.0333333333333331E8 2.625E7 0.0 
2034 9.666666666666666E7 3.255E7 0.0 
2035 8.999999999999999E7 3.395E7 6000000.0 
2036 9.0E7 3.5E7 6000000.0 
2037 9.0E7 3.64E7 6000000.0 
2038 9.0E7 3.745E7 6000000.0 
2039 9.0E7 3.885E7 6000000.0 
2040 9.0E7 3.99E7 6000000.0 
2041 9.0E7 3.99E7 1.0E7 
2042 9.0E7 3.99E7 1.3E7 
2043 9.0E7 4.13E7 1.3E7 
2044 9.0E7 4.27E7 1.3E7 
2045 9.0E7 4.41E7 1.3E7 
2046 9.0E7 4.55E7 1.3E7 
2047 9.0E7 4.55E7 1.7E7 
2048 9.0E7 4.585E7 2.1E7 
2049 9.0E7 4.725E7 2.1E7 
2050 9.0E7 4.865E7 2.1E7 
2051 9.0E7 5.04E7 2.1E7 
2052 9.0E7 5.215E7 2.1E7 
2053 9.0E7 5.215E7 2.5E7 
2054 9.0E7 5.215E7 3.0E7 
2055 9.0E7 5.39E7 3.0E7 
2056 9.0E7 5.565E7 3.0E7 
2057 9.0E7 5.775E7 3.0E7 
2058 9.0E7 5.95E7 3.0E7 
2059 9.0E7 5.95E7 3.5E7 
2060 9.0E7 5.985E7 4.0E7 
2061 9.0E7 6.195E7 4.0E7 
2062 9.0E7 6.37E7 4.0E7 
2063 9.0E7 6.58E7 4.0E7 
2064 9.0E7 6.825E7 4.0E7 
2065 9.0E7 6.825E7 4.6E7 
2066 9.0E7 6.86E7 5.1E7 
2067 9.0E7 7.105E7 5.1E7 
2068 9.0E7 7.315E7 5.1E7 
2069 9.0E7 7.56E7 5.1E7 
2070 9.0E7 7.805E7 5.1E7 
2071 9.0E7 7.805E7 5.8E7 
2072 9.0E7 7.91E7 6.3E7 
2073 9.0E7 8.155E7 6.3E7 
2074 9.0E7 8.435E7 6.3E7 
2075 9.0E7 8.715E7 6.3E7 
2076 9.0E7 8.995E7 6.3E7 
2077 9.0E7 8.995E7 7.1E7 
2078 9.0E7 9.1E7 7.6E7 
2079 9.0E7 9.415E7 7.6E7 
2080 9.0E7 9.73E7 7.6E7 
2081 8.4E7 1.0255E8 7.6E7 
2082 7.5E7 1.0885E8 7.6E7 
2083 6.6E7 1.1235E8 8.5E7 
2084 5.7E7 1.1655E8 9.1E7 
2085 4.8E7 1.232E8 9.1E7 
2086 3.9E7 1.2985E8 9.1E7 
2087 2.7E7 1.3755E8 9.1E7 
2088 1.8E7 1.4455E8 9.1E7 
2089 9000000.0 1.4805E8 1.01E8 
2090 0.0 1.5295E8 1.07E8 
2091 0.0 1.505E8 1.07E8 
2092 0.0 1.498E8 1.07E8 
2093 0.0 1.4945E8 1.07E8 
2094 0.0 1.505E8 1.07E8 
2095 0.0 1.512E8 1.18E8 
2096 0.0 1.5295E8 1.25E8 
2097 0.0 1.575E8 1.25E8 
2098 0.0 1.6205E8 1.25E8 
2099 0.0 1.6695E8 1.25E8 
2100 0.0 1.715E8 1.26E8 
