0 0 0 0 0 0 0 0 0 37600.0 2.1650445746407264E8 
0 0 0 0 0 0 0 0 1 45100.0 2.091442492768744E8 
0 0 0 0 0 0 0 1 0 52600.0 2.0131804545300525E8 
0 0 0 0 0 0 0 1 1 60100.0 1.5902326039072806E8 
0 0 0 0 0 0 1 0 0 60100.0 1.9327775935904318E8 
0 0 0 0 0 0 1 0 1 67600.0 1.4896279848595706E8 
0 0 0 0 0 0 1 1 0 75100.0 1.39241480675142E8 
0 0 0 0 0 0 1 1 1 82600.0 4.030710293049195E7 
0 0 0 0 0 1 0 0 0 67600.0 1.8491785262192068E8 
0 0 0 0 0 1 0 0 1 75100.0 1.385022309499224E8 
0 0 0 0 0 1 0 1 0 82600.0 1.286530134374325E8 
0 0 0 0 0 1 0 1 1 90100.0 2.7998879716206226E7 
0 0 0 0 0 1 1 0 0 90100.0 1.1826885610638149E8 
0 0 0 0 0 1 1 0 1 97600.0 1.6165808287634794E7 
0 0 0 0 0 1 1 1 0 105100.0 4799089.537634796 
0 0 0 0 0 1 1 1 1 112600.0 0.0 
0 0 0 0 1 0 0 0 0 75100.0 1.7597175619582847E8 
0 0 0 0 1 0 0 0 1 82600.0 1.2751888802687363E8 
0 0 0 0 1 0 0 1 0 90100.0 1.1747347589161937E8 
0 0 0 0 1 0 0 1 1 97600.0 1.5212571680491943E7 
0 0 0 0 1 0 1 0 0 97600.0 1.0706242476652966E8 
0 0 0 0 1 0 1 0 1 105100.0 3384388.6447776663 
0 0 0 0 1 0 1 1 0 112600.0 0.0 
0 0 0 0 1 0 1 1 1 120100.0 0.0 
0 0 0 0 1 1 0 0 0 105100.0 9.615180081279239E7 
0 0 0 0 1 1 0 0 1 112600.0 0.0 
0 0 0 0 1 1 0 1 0 120100.0 0.0 
0 0 0 0 1 1 0 1 1 127600.0 0.0 
0 0 0 0 1 1 1 0 0 127600.0 0.0 
0 0 0 0 1 1 1 0 1 135100.0 0.0 
0 0 0 0 1 1 1 1 0 142600.0 0.0 
0 0 0 0 1 1 1 1 1 150100.0 0.0 
0 0 0 1 0 0 0 0 0 82600.0 1.666194786446207E8 
0 0 0 1 0 0 0 0 1 90100.0 1.1583466832605569E8 
0 0 0 1 0 0 0 1 0 97600.0 1.057835238833447E8 
0 0 0 1 0 0 0 1 1 105100.0 2018571.6804919434 
0 0 0 1 0 0 1 0 0 105100.0 9.534944021111959E7 
0 0 0 1 0 0 1 0 1 112600.0 0.0 
0 0 0 1 0 0 1 1 0 120100.0 0.0 
0 0 0 1 0 0 1 1 1 127600.0 0.0 
0 0 0 1 0 1 0 0 0 112600.0 8.431395899297477E7 
0 0 0 1 0 1 0 0 1 120100.0 0.0 
0 0 0 1 0 1 0 1 0 127600.0 0.0 
0 0 0 1 0 1 0 1 1 135100.0 0.0 
0 0 0 1 0 1 1 0 0 135100.0 0.0 
0 0 0 1 0 1 1 0 1 142600.0 0.0 
0 0 0 1 0 1 1 1 0 150100.0 0.0 
0 0 0 1 0 1 1 1 1 157600.0 0.0 
0 0 0 1 1 0 0 0 0 120100.0 7.283336891732137E7 
0 0 0 1 1 0 0 0 1 127600.0 0.0 
0 0 0 1 1 0 0 1 0 135100.0 0.0 
0 0 0 1 1 0 0 1 1 142600.0 0.0 
0 0 0 1 1 0 1 0 0 142600.0 0.0 
0 0 0 1 1 0 1 0 1 150100.0 0.0 
0 0 0 1 1 0 1 1 0 157600.0 0.0 
0 0 0 1 1 0 1 1 1 165100.0 0.0 
0 0 0 1 1 1 0 0 0 150100.0 0.0 
0 0 0 1 1 1 0 0 1 157600.0 0.0 
0 0 0 1 1 1 0 1 0 165100.0 0.0 
0 0 0 1 1 1 0 1 1 172600.0 0.0 
0 0 0 1 1 1 1 0 0 172600.0 0.0 
0 0 0 1 1 1 1 0 1 180100.0 0.0 
0 0 0 1 1 1 1 1 0 187600.0 0.0 
0 0 0 1 1 1 1 1 1 195100.0 0.0 
0 0 1 0 0 0 0 0 0 90100.0 1.570186932434646E8 
0 0 1 0 0 0 0 0 1 97600.0 1.0374441857354888E8 
0 0 1 0 0 0 0 1 0 105100.0 9.364279201982908E7 
0 0 1 0 0 0 0 1 1 112600.0 0.0 
0 0 1 0 0 0 1 0 0 112600.0 8.30370726094655E7 
0 0 1 0 0 0 1 0 1 120100.0 0.0 
0 0 1 0 0 0 1 1 0 127600.0 0.0 
0 0 1 0 0 0 1 1 1 135100.0 0.0 
0 0 1 0 0 1 0 0 0 120100.0 7.19674452942621E7 
0 0 1 0 0 1 0 0 1 127600.0 0.0 
0 0 1 0 0 1 0 1 0 135100.0 0.0 
0 0 1 0 0 1 0 1 1 142600.0 0.0 
0 0 1 0 0 1 1 0 0 142600.0 0.0 
0 0 1 0 0 1 1 0 1 150100.0 0.0 
0 0 1 0 0 1 1 1 0 157600.0 0.0 
0 0 1 0 0 1 1 1 1 165100.0 0.0 
0 0 1 0 1 0 0 0 0 127600.0 6.0413448934721604E7 
0 0 1 0 1 0 0 0 1 135100.0 0.0 
0 0 1 0 1 0 0 1 0 142600.0 0.0 
0 0 1 0 1 0 0 1 1 150100.0 0.0 
0 0 1 0 1 0 1 0 0 150100.0 0.0 
0 0 1 0 1 0 1 0 1 157600.0 0.0 
0 0 1 0 1 0 1 1 0 165100.0 0.0 
0 0 1 0 1 0 1 1 1 172600.0 0.0 
0 0 1 0 1 1 0 0 0 157600.0 0.0 
0 0 1 0 1 1 0 0 1 165100.0 0.0 
0 0 1 0 1 1 0 1 0 172600.0 0.0 
0 0 1 0 1 1 0 1 1 180100.0 0.0 
0 0 1 0 1 1 1 0 0 180100.0 0.0 
0 0 1 0 1 1 1 0 1 187600.0 0.0 
0 0 1 0 1 1 1 1 0 195100.0 0.0 
0 0 1 0 1 1 1 1 1 202600.0 0.0 
0 0 1 1 0 0 0 0 0 135100.0 4.831137770050451E7 
0 0 1 1 0 0 0 0 1 142600.0 0.0 
0 0 1 1 0 0 0 1 0 150100.0 0.0 
0 0 1 1 0 0 0 1 1 157600.0 0.0 
0 0 1 1 0 0 1 0 0 157600.0 0.0 
0 0 1 1 0 0 1 0 1 165100.0 0.0 
0 0 1 1 0 0 1 1 0 172600.0 0.0 
0 0 1 1 0 0 1 1 1 180100.0 0.0 
0 0 1 1 0 1 0 0 0 165100.0 0.0 
0 0 1 1 0 1 0 0 1 172600.0 0.0 
0 0 1 1 0 1 0 1 0 180100.0 0.0 
0 0 1 1 0 1 0 1 1 187600.0 0.0 
0 0 1 1 0 1 1 0 0 187600.0 0.0 
0 0 1 1 0 1 1 0 1 195100.0 0.0 
0 0 1 1 0 1 1 1 0 202600.0 0.0 
0 0 1 1 0 1 1 1 1 210100.0 0.0 
0 0 1 1 1 0 0 0 0 172600.0 0.0 
0 0 1 1 1 0 0 0 1 180100.0 -1.1641532182693481E-10 
0 0 1 1 1 0 0 1 0 187600.0 0.0 
0 0 1 1 1 0 0 1 1 195100.0 0.0 
0 0 1 1 1 0 1 0 0 195100.0 0.0 
0 0 1 1 1 0 1 0 1 202600.0 0.0 
0 0 1 1 1 0 1 1 0 210100.0 0.0 
0 0 1 1 1 0 1 1 1 217600.0 0.0 
0 0 1 1 1 1 0 0 0 202600.0 0.0 
0 0 1 1 1 1 0 0 1 210100.0 0.0 
0 0 1 1 1 1 0 1 0 217600.0 0.0 
0 0 1 1 1 1 0 1 1 225100.0 0.0 
0 0 1 1 1 1 1 0 0 225100.0 0.0 
0 0 1 1 1 1 1 0 1 232600.0 0.0 
0 0 1 1 1 1 1 1 0 240100.0 0.0 
0 0 1 1 1 1 1 1 1 247600.0 0.0 
0 1 0 0 0 0 0 0 0 97600.0 1.4686783272913823E8 
0 1 0 0 0 0 0 0 1 105100.0 9.11266102493769E7 
0 1 0 0 0 0 0 1 0 112600.0 8.091786599006297E7 
0 1 0 0 0 0 0 1 1 120100.0 0.0 
0 1 0 0 0 0 1 0 0 120100.0 7.024604732219194E7 
0 1 0 0 0 0 1 0 1 127600.0 0.0 
0 1 0 0 0 0 1 1 0 135100.0 0.0 
0 1 0 0 0 0 1 1 1 142600.0 0.0 
0 1 0 0 0 1 0 0 0 127600.0 5.9064746160890825E7 
0 1 0 0 0 1 0 0 1 135100.0 0.0 
0 1 0 0 0 1 0 1 0 142600.0 0.0 
0 1 0 0 0 1 0 1 1 150100.0 0.0 
0 1 0 0 0 1 1 0 0 150100.0 0.0 
0 1 0 0 0 1 1 0 1 157600.0 0.0 
0 1 0 0 0 1 1 1 0 165100.0 0.0 
0 1 0 0 0 1 1 1 1 172600.0 0.0 
0 1 0 0 1 0 0 0 0 135100.0 4.7416322948050424E7 
0 1 0 0 1 0 0 0 1 142600.0 0.0 
0 1 0 0 1 0 0 1 0 150100.0 0.0 
0 1 0 0 1 0 0 1 1 157600.0 0.0 
0 1 0 0 1 0 1 0 0 157600.0 0.0 
0 1 0 0 1 0 1 0 1 165100.0 0.0 
0 1 0 0 1 0 1 1 0 172600.0 0.0 
0 1 0 0 1 0 1 1 1 180100.0 0.0 
0 1 0 0 1 1 0 0 0 165100.0 0.0 
0 1 0 0 1 1 0 0 1 172600.0 0.0 
0 1 0 0 1 1 0 1 0 180100.0 0.0 
0 1 0 0 1 1 0 1 1 187600.0 0.0 
0 1 0 0 1 1 1 0 0 187600.0 0.0 
0 1 0 0 1 1 1 0 1 195100.0 0.0 
0 1 0 0 1 1 1 1 0 202600.0 0.0 
0 1 0 0 1 1 1 1 1 210100.0 0.0 
0 1 0 1 0 0 0 0 0 142600.0 3.519692608705157E7 
0 1 0 1 0 0 0 0 1 150100.0 0.0 
0 1 0 1 0 0 0 1 0 157600.0 0.0 
0 1 0 1 0 0 0 1 1 165100.0 0.0 
0 1 0 1 0 0 1 0 0 165100.0 0.0 
0 1 0 1 0 0 1 0 1 172600.0 0.0 
0 1 0 1 0 0 1 1 0 180100.0 0.0 
0 1 0 1 0 0 1 1 1 187600.0 0.0 
0 1 0 1 0 1 0 0 0 172600.0 0.0 
0 1 0 1 0 1 0 0 1 180100.0 0.0 
0 1 0 1 0 1 0 1 0 187600.0 0.0 
0 1 0 1 0 1 0 1 1 195100.0 0.0 
0 1 0 1 0 1 1 0 0 195100.0 0.0 
0 1 0 1 0 1 1 0 1 202600.0 0.0 
0 1 0 1 0 1 1 1 0 210100.0 0.0 
0 1 0 1 0 1 1 1 1 217600.0 0.0 
0 1 0 1 1 0 0 0 0 180100.0 0.0 
0 1 0 1 1 0 0 0 1 187600.0 0.0 
0 1 0 1 1 0 0 1 0 195100.0 0.0 
0 1 0 1 1 0 0 1 1 202600.0 0.0 
0 1 0 1 1 0 1 0 0 202600.0 0.0 
0 1 0 1 1 0 1 0 1 210100.0 0.0 
0 1 0 1 1 0 1 1 0 217600.0 0.0 
0 1 0 1 1 0 1 1 1 225100.0 0.0 
0 1 0 1 1 1 0 0 0 210100.0 0.0 
0 1 0 1 1 1 0 0 1 217600.0 0.0 
0 1 0 1 1 1 0 1 0 225100.0 0.0 
0 1 0 1 1 1 0 1 1 232600.0 0.0 
0 1 0 1 1 1 1 0 0 232600.0 0.0 
0 1 0 1 1 1 1 0 1 240100.0 0.0 
0 1 0 1 1 1 1 1 0 247600.0 0.0 
0 1 0 1 1 1 1 1 1 255100.0 0.0 
0 1 1 0 0 0 0 0 0 150100.0 2.2542908211316116E7 
0 1 1 0 0 0 0 0 1 157600.0 0.0 
0 1 1 0 0 0 0 1 0 165100.0 0.0 
0 1 1 0 0 0 0 1 1 172600.0 0.0 
0 1 1 0 0 0 1 0 0 172600.0 0.0 
0 1 1 0 0 0 1 0 1 180100.0 0.0 
0 1 1 0 0 0 1 1 0 187600.0 0.0 
0 1 1 0 0 0 1 1 1 195100.0 0.0 
0 1 1 0 0 1 0 0 0 180100.0 0.0 
0 1 1 0 0 1 0 0 1 187600.0 0.0 
0 1 1 0 0 1 0 1 0 195100.0 0.0 
0 1 1 0 0 1 0 1 1 202600.0 0.0 
0 1 1 0 0 1 1 0 0 202600.0 0.0 
0 1 1 0 0 1 1 0 1 210100.0 0.0 
0 1 1 0 0 1 1 1 0 217600.0 0.0 
0 1 1 0 0 1 1 1 1 225100.0 0.0 
0 1 1 0 1 0 0 0 0 187600.0 0.0 
0 1 1 0 1 0 0 0 1 195100.0 0.0 
0 1 1 0 1 0 0 1 0 202600.0 0.0 
0 1 1 0 1 0 0 1 1 210100.0 0.0 
0 1 1 0 1 0 1 0 0 210100.0 0.0 
0 1 1 0 1 0 1 0 1 217600.0 0.0 
0 1 1 0 1 0 1 1 0 225100.0 0.0 
0 1 1 0 1 0 1 1 1 232600.0 0.0 
0 1 1 0 1 1 0 0 0 217600.0 0.0 
0 1 1 0 1 1 0 0 1 225100.0 0.0 
0 1 1 0 1 1 0 1 0 232600.0 0.0 
0 1 1 0 1 1 0 1 1 240100.0 0.0 
0 1 1 0 1 1 1 0 0 240100.0 0.0 
0 1 1 0 1 1 1 0 1 247600.0 0.0 
0 1 1 0 1 1 1 1 0 255100.0 0.0 
0 1 1 0 1 1 1 1 1 262600.0 0.0 
0 1 1 1 0 0 0 0 0 195100.0 0.0 
0 1 1 1 0 0 0 0 1 202600.0 0.0 
0 1 1 1 0 0 0 1 0 210100.0 0.0 
0 1 1 1 0 0 0 1 1 217600.0 0.0 
0 1 1 1 0 0 1 0 0 217600.0 0.0 
0 1 1 1 0 0 1 0 1 225100.0 0.0 
0 1 1 1 0 0 1 1 0 232600.0 0.0 
0 1 1 1 0 0 1 1 1 240100.0 0.0 
0 1 1 1 0 1 0 0 0 225100.0 0.0 
0 1 1 1 0 1 0 0 1 232600.0 0.0 
0 1 1 1 0 1 0 1 0 240100.0 0.0 
0 1 1 1 0 1 0 1 1 247600.0 0.0 
0 1 1 1 0 1 1 0 0 247600.0 0.0 
0 1 1 1 0 1 1 0 1 255100.0 0.0 
0 1 1 1 0 1 1 1 0 262600.0 0.0 
0 1 1 1 0 1 1 1 1 270100.0 0.0 
0 1 1 1 1 0 0 0 0 232600.0 0.0 
0 1 1 1 1 0 0 0 1 240100.0 0.0 
0 1 1 1 1 0 0 1 0 247600.0 0.0 
0 1 1 1 1 0 0 1 1 255100.0 0.0 
0 1 1 1 1 0 1 0 0 255100.0 0.0 
0 1 1 1 1 0 1 0 1 262600.0 0.0 
0 1 1 1 1 0 1 1 0 270100.0 0.0 
0 1 1 1 1 0 1 1 1 277600.0 0.0 
0 1 1 1 1 1 0 0 0 262600.0 0.0 
0 1 1 1 1 1 0 0 1 270100.0 0.0 
0 1 1 1 1 1 0 1 0 277600.0 0.0 
0 1 1 1 1 1 0 1 1 285100.0 0.0 
0 1 1 1 1 1 1 0 0 285100.0 0.0 
0 1 1 1 1 1 1 0 1 292600.0 0.0 
0 1 1 1 1 1 1 1 0 300100.0 0.0 
0 1 1 1 1 1 1 1 1 307600.0 0.0 
1 0 0 0 0 0 0 0 0 105100.0 1.363462977633793E8 
1 0 0 0 0 0 0 0 1 112600.0 7.803199080537929E7 
1 0 0 0 0 0 0 1 0 120100.0 6.770393940171866E7 
1 0 0 0 0 0 0 1 1 127600.0 0.0 
1 0 0 0 0 0 1 0 0 127600.0 5.692458686830383E7 
1 0 0 0 0 0 1 0 1 135100.0 0.0 
1 0 0 0 0 0 1 1 0 142600.0 0.0 
1 0 0 0 0 0 1 1 1 150100.0 0.0 
1 0 0 0 0 1 0 0 0 135100.0 4.568158215100947E7 
1 0 0 0 0 1 0 0 1 142600.0 0.0 
1 0 0 0 0 1 0 1 0 150100.0 0.0 
1 0 0 0 0 1 0 1 1 157600.0 0.0 
1 0 0 0 0 1 1 0 0 157600.0 0.0 
1 0 0 0 0 1 1 0 1 165100.0 0.0 
1 0 0 0 0 1 1 1 0 172600.0 0.0 
1 0 0 0 0 1 1 1 1 180100.0 0.0 
1 0 0 0 1 0 0 0 0 142600.0 3.388107043748325E7 
1 0 0 0 1 0 0 0 1 150100.0 0.0 
1 0 0 0 1 0 0 1 0 157600.0 0.0 
1 0 0 0 1 0 0 1 1 165100.0 0.0 
1 0 0 0 1 0 1 0 0 165100.0 0.0 
1 0 0 0 1 0 1 0 1 172600.0 0.0 
1 0 0 0 1 0 1 1 0 180100.0 0.0 
1 0 0 0 1 0 1 1 1 187600.0 0.0 
1 0 0 0 1 1 0 0 0 172600.0 0.0 
1 0 0 0 1 1 0 0 1 180100.0 0.0 
1 0 0 0 1 1 0 1 0 187600.0 0.0 
1 0 0 0 1 1 0 1 1 195100.0 0.0 
1 0 0 0 1 1 1 0 0 195100.0 0.0 
1 0 0 0 1 1 1 0 1 202600.0 0.0 
1 0 0 0 1 1 1 1 0 210100.0 0.0 
1 0 0 0 1 1 1 1 1 217600.0 0.0 
1 0 0 1 0 0 0 0 0 150100.0 2.1596350163921494E7 
1 0 0 1 0 0 0 0 1 157600.0 0.0 
1 0 0 1 0 0 0 1 0 165100.0 0.0 
1 0 0 1 0 0 0 1 1 172600.0 0.0 
1 0 0 1 0 0 1 0 0 172600.0 0.0 
1 0 0 1 0 0 1 0 1 180100.0 0.0 
1 0 0 1 0 0 1 1 0 187600.0 0.0 
1 0 0 1 0 0 1 1 1 195100.0 0.0 
1 0 0 1 0 1 0 0 0 180100.0 0.0 
1 0 0 1 0 1 0 0 1 187600.0 0.0 
1 0 0 1 0 1 0 1 0 195100.0 0.0 
1 0 0 1 0 1 0 1 1 202600.0 0.0 
1 0 0 1 0 1 1 0 0 202600.0 0.0 
1 0 0 1 0 1 1 0 1 210100.0 0.0 
1 0 0 1 0 1 1 1 0 217600.0 0.0 
1 0 0 1 0 1 1 1 1 225100.0 0.0 
1 0 0 1 1 0 0 0 0 187600.0 0.0 
1 0 0 1 1 0 0 0 1 195100.0 0.0 
1 0 0 1 1 0 0 1 0 202600.0 0.0 
1 0 0 1 1 0 0 1 1 210100.0 0.0 
1 0 0 1 1 0 1 0 0 210100.0 0.0 
1 0 0 1 1 0 1 0 1 217600.0 0.0 
1 0 0 1 1 0 1 1 0 225100.0 0.0 
1 0 0 1 1 0 1 1 1 232600.0 0.0 
1 0 0 1 1 1 0 0 0 217600.0 0.0 
1 0 0 1 1 1 0 0 1 225100.0 0.0 
1 0 0 1 1 1 0 1 0 232600.0 0.0 
1 0 0 1 1 1 0 1 1 240100.0 0.0 
1 0 0 1 1 1 1 0 0 240100.0 0.0 
1 0 0 1 1 1 1 0 1 247600.0 0.0 
1 0 0 1 1 1 1 1 0 255100.0 0.0 
1 0 0 1 1 1 1 1 1 262600.0 0.0 
1 0 1 0 0 0 0 0 0 157600.0 8740991.766036836 
1 0 1 0 0 0 0 0 1 165100.0 0.0 
1 0 1 0 0 0 0 1 0 172600.0 0.0 
1 0 1 0 0 0 0 1 1 180100.0 0.0 
1 0 1 0 0 0 1 0 0 180100.0 0.0 
1 0 1 0 0 0 1 0 1 187600.0 0.0 
1 0 1 0 0 0 1 1 0 195100.0 0.0 
1 0 1 0 0 0 1 1 1 202600.0 0.0 
1 0 1 0 0 1 0 0 0 187600.0 0.0 
1 0 1 0 0 1 0 0 1 195100.0 0.0 
1 0 1 0 0 1 0 1 0 202600.0 0.0 
1 0 1 0 0 1 0 1 1 210100.0 0.0 
1 0 1 0 0 1 1 0 0 210100.0 0.0 
1 0 1 0 0 1 1 0 1 217600.0 0.0 
1 0 1 0 0 1 1 1 0 225100.0 0.0 
1 0 1 0 0 1 1 1 1 232600.0 0.0 
1 0 1 0 1 0 0 0 0 195100.0 0.0 
1 0 1 0 1 0 0 0 1 202600.0 0.0 
1 0 1 0 1 0 0 1 0 210100.0 0.0 
1 0 1 0 1 0 0 1 1 217600.0 0.0 
1 0 1 0 1 0 1 0 0 217600.0 0.0 
1 0 1 0 1 0 1 0 1 225100.0 0.0 
1 0 1 0 1 0 1 1 0 232600.0 0.0 
1 0 1 0 1 0 1 1 1 240100.0 0.0 
1 0 1 0 1 1 0 0 0 225100.0 0.0 
1 0 1 0 1 1 0 0 1 232600.0 0.0 
1 0 1 0 1 1 0 1 0 240100.0 0.0 
1 0 1 0 1 1 0 1 1 247600.0 0.0 
1 0 1 0 1 1 1 0 0 247600.0 0.0 
1 0 1 0 1 1 1 0 1 255100.0 0.0 
1 0 1 0 1 1 1 1 0 262600.0 0.0 
1 0 1 0 1 1 1 1 1 270100.0 0.0 
1 0 1 1 0 0 0 0 0 202600.0 0.0 
1 0 1 1 0 0 0 0 1 210100.0 0.0 
1 0 1 1 0 0 0 1 0 217600.0 0.0 
1 0 1 1 0 0 0 1 1 225100.0 0.0 
1 0 1 1 0 0 1 0 0 225100.0 0.0 
1 0 1 1 0 0 1 0 1 232600.0 0.0 
1 0 1 1 0 0 1 1 0 240100.0 0.0 
1 0 1 1 0 0 1 1 1 247600.0 0.0 
1 0 1 1 0 1 0 0 0 232600.0 0.0 
1 0 1 1 0 1 0 0 1 240100.0 0.0 
1 0 1 1 0 1 0 1 0 247600.0 0.0 
1 0 1 1 0 1 0 1 1 255100.0 0.0 
1 0 1 1 0 1 1 0 0 255100.0 0.0 
1 0 1 1 0 1 1 0 1 262600.0 0.0 
1 0 1 1 0 1 1 1 0 270100.0 0.0 
1 0 1 1 0 1 1 1 1 277600.0 0.0 
1 0 1 1 1 0 0 0 0 240100.0 0.0 
1 0 1 1 1 0 0 0 1 247600.0 0.0 
1 0 1 1 1 0 0 1 0 255100.0 0.0 
1 0 1 1 1 0 0 1 1 262600.0 0.0 
1 0 1 1 1 0 1 0 0 262600.0 0.0 
1 0 1 1 1 0 1 0 1 270100.0 0.0 
1 0 1 1 1 0 1 1 0 277600.0 0.0 
1 0 1 1 1 0 1 1 1 285100.0 0.0 
1 0 1 1 1 1 0 0 0 270100.0 0.0 
1 0 1 1 1 1 0 0 1 277600.0 0.0 
1 0 1 1 1 1 0 1 0 285100.0 0.0 
1 0 1 1 1 1 0 1 1 292600.0 0.0 
1 0 1 1 1 1 1 0 0 292600.0 0.0 
1 0 1 1 1 1 1 0 1 300100.0 0.0 
1 0 1 1 1 1 1 1 0 307600.0 0.0 
1 0 1 1 1 1 1 1 1 315100.0 0.0 
1 1 0 0 0 0 0 0 0 165100.0 0.0 
1 1 0 0 0 0 0 0 1 172600.0 0.0 
1 1 0 0 0 0 0 1 0 180100.0 0.0 
1 1 0 0 0 0 0 1 1 187600.0 0.0 
1 1 0 0 0 0 1 0 0 187600.0 0.0 
1 1 0 0 0 0 1 0 1 195100.0 0.0 
1 1 0 0 0 0 1 1 0 202600.0 0.0 
1 1 0 0 0 0 1 1 1 210100.0 0.0 
1 1 0 0 0 1 0 0 0 195100.0 0.0 
1 1 0 0 0 1 0 0 1 202600.0 0.0 
1 1 0 0 0 1 0 1 0 210100.0 0.0 
1 1 0 0 0 1 0 1 1 217600.0 0.0 
1 1 0 0 0 1 1 0 0 217600.0 0.0 
1 1 0 0 0 1 1 0 1 225100.0 0.0 
1 1 0 0 0 1 1 1 0 232600.0 0.0 
1 1 0 0 0 1 1 1 1 240100.0 0.0 
1 1 0 0 1 0 0 0 0 202600.0 0.0 
1 1 0 0 1 0 0 0 1 210100.0 0.0 
1 1 0 0 1 0 0 1 0 217600.0 0.0 
1 1 0 0 1 0 0 1 1 225100.0 0.0 
1 1 0 0 1 0 1 0 0 225100.0 0.0 
1 1 0 0 1 0 1 0 1 232600.0 0.0 
1 1 0 0 1 0 1 1 0 240100.0 0.0 
1 1 0 0 1 0 1 1 1 247600.0 0.0 
1 1 0 0 1 1 0 0 0 232600.0 0.0 
1 1 0 0 1 1 0 0 1 240100.0 0.0 
1 1 0 0 1 1 0 1 0 247600.0 0.0 
1 1 0 0 1 1 0 1 1 255100.0 0.0 
1 1 0 0 1 1 1 0 0 255100.0 0.0 
1 1 0 0 1 1 1 0 1 262600.0 0.0 
1 1 0 0 1 1 1 1 0 270100.0 0.0 
1 1 0 0 1 1 1 1 1 277600.0 0.0 
1 1 0 1 0 0 0 0 0 210100.0 0.0 
1 1 0 1 0 0 0 0 1 217600.0 0.0 
1 1 0 1 0 0 0 1 0 225100.0 0.0 
1 1 0 1 0 0 0 1 1 232600.0 0.0 
1 1 0 1 0 0 1 0 0 232600.0 0.0 
1 1 0 1 0 0 1 0 1 240100.0 0.0 
1 1 0 1 0 0 1 1 0 247600.0 0.0 
1 1 0 1 0 0 1 1 1 255100.0 0.0 
1 1 0 1 0 1 0 0 0 240100.0 0.0 
1 1 0 1 0 1 0 0 1 247600.0 0.0 
1 1 0 1 0 1 0 1 0 255100.0 0.0 
1 1 0 1 0 1 0 1 1 262600.0 0.0 
1 1 0 1 0 1 1 0 0 262600.0 0.0 
1 1 0 1 0 1 1 0 1 270100.0 0.0 
1 1 0 1 0 1 1 1 0 277600.0 0.0 
1 1 0 1 0 1 1 1 1 285100.0 0.0 
1 1 0 1 1 0 0 0 0 247600.0 0.0 
1 1 0 1 1 0 0 0 1 255100.0 0.0 
1 1 0 1 1 0 0 1 0 262600.0 0.0 
1 1 0 1 1 0 0 1 1 270100.0 0.0 
1 1 0 1 1 0 1 0 0 270100.0 0.0 
1 1 0 1 1 0 1 0 1 277600.0 0.0 
1 1 0 1 1 0 1 1 0 285100.0 0.0 
1 1 0 1 1 0 1 1 1 292600.0 0.0 
1 1 0 1 1 1 0 0 0 277600.0 0.0 
1 1 0 1 1 1 0 0 1 285100.0 0.0 
1 1 0 1 1 1 0 1 0 292600.0 0.0 
1 1 0 1 1 1 0 1 1 300100.0 0.0 
1 1 0 1 1 1 1 0 0 300100.0 0.0 
1 1 0 1 1 1 1 0 1 307600.0 0.0 
1 1 0 1 1 1 1 1 0 315100.0 0.0 
1 1 0 1 1 1 1 1 1 322600.0 0.0 
1 1 1 0 0 0 0 0 0 217600.0 0.0 
1 1 1 0 0 0 0 0 1 225100.0 0.0 
1 1 1 0 0 0 0 1 0 232600.0 0.0 
1 1 1 0 0 0 0 1 1 240100.0 0.0 
1 1 1 0 0 0 1 0 0 240100.0 0.0 
1 1 1 0 0 0 1 0 1 247600.0 0.0 
1 1 1 0 0 0 1 1 0 255100.0 0.0 
1 1 1 0 0 0 1 1 1 262600.0 0.0 
1 1 1 0 0 1 0 0 0 247600.0 0.0 
1 1 1 0 0 1 0 0 1 255100.0 0.0 
1 1 1 0 0 1 0 1 0 262600.0 0.0 
1 1 1 0 0 1 0 1 1 270100.0 0.0 
1 1 1 0 0 1 1 0 0 270100.0 0.0 
1 1 1 0 0 1 1 0 1 277600.0 0.0 
1 1 1 0 0 1 1 1 0 285100.0 0.0 
1 1 1 0 0 1 1 1 1 292600.0 0.0 
1 1 1 0 1 0 0 0 0 255100.0 0.0 
1 1 1 0 1 0 0 0 1 262600.0 0.0 
1 1 1 0 1 0 0 1 0 270100.0 0.0 
1 1 1 0 1 0 0 1 1 277600.0 0.0 
1 1 1 0 1 0 1 0 0 277600.0 0.0 
1 1 1 0 1 0 1 0 1 285100.0 0.0 
1 1 1 0 1 0 1 1 0 292600.0 0.0 
1 1 1 0 1 0 1 1 1 300100.0 0.0 
1 1 1 0 1 1 0 0 0 285100.0 0.0 
1 1 1 0 1 1 0 0 1 292600.0 0.0 
1 1 1 0 1 1 0 1 0 300100.0 0.0 
1 1 1 0 1 1 0 1 1 307600.0 0.0 
1 1 1 0 1 1 1 0 0 307600.0 0.0 
1 1 1 0 1 1 1 0 1 315100.0 0.0 
1 1 1 0 1 1 1 1 0 322600.0 0.0 
1 1 1 0 1 1 1 1 1 330100.0 0.0 
1 1 1 1 0 0 0 0 0 262600.0 0.0 
1 1 1 1 0 0 0 0 1 270100.0 0.0 
1 1 1 1 0 0 0 1 0 277600.0 0.0 
1 1 1 1 0 0 0 1 1 285100.0 0.0 
1 1 1 1 0 0 1 0 0 285100.0 0.0 
1 1 1 1 0 0 1 0 1 292600.0 0.0 
1 1 1 1 0 0 1 1 0 300100.0 0.0 
1 1 1 1 0 0 1 1 1 307600.0 0.0 
1 1 1 1 0 1 0 0 0 292600.0 0.0 
1 1 1 1 0 1 0 0 1 300100.0 0.0 
1 1 1 1 0 1 0 1 0 307600.0 0.0 
1 1 1 1 0 1 0 1 1 315100.0 0.0 
1 1 1 1 0 1 1 0 0 315100.0 0.0 
1 1 1 1 0 1 1 0 1 322600.0 0.0 
1 1 1 1 0 1 1 1 0 330100.0 0.0 
1 1 1 1 0 1 1 1 1 337600.0 0.0 
1 1 1 1 1 0 0 0 0 300100.0 0.0 
1 1 1 1 1 0 0 0 1 307600.0 0.0 
1 1 1 1 1 0 0 1 0 315100.0 0.0 
1 1 1 1 1 0 0 1 1 322600.0 0.0 
1 1 1 1 1 0 1 0 0 322600.0 0.0 
1 1 1 1 1 0 1 0 1 330100.0 0.0 
1 1 1 1 1 0 1 1 0 337600.0 0.0 
1 1 1 1 1 0 1 1 1 345100.0 0.0 
1 1 1 1 1 1 0 0 0 330100.0 0.0 
1 1 1 1 1 1 0 0 1 337600.0 0.0 
1 1 1 1 1 1 0 1 0 345100.0 0.0 
1 1 1 1 1 1 0 1 1 352600.0 0.0 
1 1 1 1 1 1 1 0 0 352600.0 0.0 
1 1 1 1 1 1 1 0 1 360100.0 0.0 
1 1 1 1 1 1 1 1 0 367600.0 0.0 
1 1 1 1 1 1 1 1 1 375100.0 0.0 
The transition strategy is 3 1 3
The optimal deployment schedule is 0 0 0 1 0 0 0 1 1 