0.0 0.0 0.0 0.0 0.0 0.0 0.0 0.0 0.0 0.0 0.0 
0.0 0.0 0.0 0.0 0.0 0.0 0.0 0.0 0.0 0.0 0.0 
0.0 0.0 0.0 0.0 0.0 0.0 0.0 0.0 0.0 0.0 0.0 
0.0 0.0 0.0 0.0 0.0 0.0 0.0 0.0 0.0 0.0 0.0 
0.0 0.0 0.0 0.0 0.0 0.0 0.0 0.0 0.0 0.0 0.0 
0.0 0.0 0.0 0.0 0.0 3636.3636363636365 0.0 0.0 0.0 0.0 0.0 
0.0 0.0 0.0 0.0 0.0 3356.0731383263023 2673.436138370022 0.0 0.0 0.0 0.0 
0.0 0.0 0.0 0.0 3076.478996998319 3356.0731383263023 3245.5968569618335 2673.436138370022 0.0 0.0 0.0 
0.0 0.0 0.0 2053.853531213101 3320.820163821395 3240.0128501111235 3251.4771867288337 2914.1680128684256 2673.436138370022 0.0 0.0 
0.0 0.0 1896.973631616989 3118.303321841425 3352.3601351248617 3271.5528214145897 3283.0171580323004 3056.3324269945065 2929.937998520159 2673.436138370022 0.0 
0.0 532.5802661006027 2677.5531071111104 3118.303321841425 3231.9941978756597 3301.9206846246384 3306.078172200516 2957.616805164039 2993.017941127092 2995.914915109424 2925.7559087977543 
