8.471348488989543E-6 0.0 0.0 0.0 0.0 0.0 0.0 0.0 0.0 0.0 
8.471348488989543E-6 8.471348488989543E-6 0.0 0.0 0.0 0.0 0.0 0.0 0.0 0.0 
8.471348488989543E-6 8.471348488989543E-6 8.471348488989543E-6 0.0 0.0 0.0 0.0 0.0 0.0 0.0 
8.470145354735879E-6 8.470145354735879E-6 8.470145354735879E-6 8.471348488989543E-6 0.0 0.0 0.0 0.0 0.0 0.0 
8.470145354735879E-6 8.470145354735879E-6 8.470145354735879E-6 8.470145354735879E-6 8.46789941906861E-6 0.0 0.0 0.0 0.0 0.0 
8.470145354735879E-6 8.470145354735879E-6 8.470145354735879E-6 8.46789941906861E-6 2.715667263182643E-4 0.0015599534430193963 0.0 0.0 0.0 0.0 
8.470145354735879E-6 8.470145354735879E-6 8.46789941906861E-6 8.467739086228554E-6 0.0013656668836748034 0.001541267432424162 0.001511571927483583 0.0 0.0 0.0 
8.470145354735879E-6 8.467739086228554E-6 1.1214063901996825E-4 0.0010546482379048228 0.0015435350740813038 0.0015276572983905256 0.001514310573653109 0.0013572155613762753 0.0 0.0 
8.467739086228554E-6 1.1625750116966174E-4 8.019084181657198E-4 0.0013848399949286157 0.0015426087818249446 0.0015236603996342105 0.0015289996854920284 0.001408100855259342 0.0013645601172957353 0.0 
1.1625750116966174E-4 5.70752434682139E-4 0.001155393789509691 0.0014725383088417584 0.0015239227712297103 0.0015330892169003905 0.0015397398923545054 0.0014148229899853327 0.0013939383409735742 0.0014046305540561786 
