1.0 0.0 0.0 0.0 0.0 0.0 0.0 0.0 0.0 0.0 
1.0 1.0 0.0 0.0 0.0 0.0 0.0 0.0 0.0 0.0 
0.9999999999999999 1.0 1.0 0.0 0.0 0.0 0.0 0.0 0.0 0.0 
0.9999999999999999 0.9999999999999999 0.9999999999999999 0.9999999999999999 0.0 0.0 0.0 0.0 0.0 0.0 
0.9999999999999999 0.9999999999999999 0.9999999999999999 0.9999999999999999 0.9999999999999999 0.0 0.0 0.0 0.0 0.0 
0.9999999999999999 0.9999999999999999 0.9999999999999999 0.9999999999999999 0.953125 0.0 0.0 0.0 0.0 0.0 
0.9999999999999999 0.9999999999999999 0.9999999999999999 0.9999999999999999 0.0625 0.0 0.0 0.0 0.0 0.0 
0.9999999999999999 0.9999999999999999 0.953125 0.25 0.0 0.0 0.0 0.0 0.0 0.0 
0.9999999999999999 0.953125 0.5 0.09375 0.0 0.0 0.0 0.0 0.0 0.0 
0.953125 0.5625 0.203125 0.015625 0.0 0.0 0.0 0.0 0.0 0.0 
